255,255,255|@@@@@@@@@@@@@@@%+-::-*@%+                                                                       
255,255,255|@@@@@@@@@@@@@@@@@@%*=...                                                                        
255,255,255|@@@@@@@@@@@@@@@@@@@@@@%*=:                                                                      
255,255,255|@@@@@@@@@@@@@@@@@@@@@@@@@#%*=-:.                                                                
255,255,255|@@@@@@@@@@@@@@@@@@@@@@@@@%##=.:::.                                                              
255,255,255|@@@@@@@@@@@@@@@@@@@@@@@@@@@@%=                                                                  
255,255,255|@@@@@@@@@@@#+#@@@@@@@@@@@@%%@@%=                                                                
255,255,255|@@@@@@@@@@@@%##%#%@@@@@@@@@%##@@#=-.                                                            
255,255,255|@@@@@@@@@@@@@@@*=*#@@@@@@@@@@@@@%::--:.                                                         
255,255,255|@@@@@@@@@@@@@@@%+--*@@%@@@@@@@@@@*                                                              
255,255,255|@@@@@@@@@@@@@@%@@%*+#@@@@@@@@@@@@@:                                                             
255,255,255|@@@@@@@@@@@@@@#::=*##@@@@@@@@@@@@@#                                                             
255,255,255|@@@@@@@@@@@@@@@%. -*%@@@@@@@@@@@@@@.                                                            
255,255,255|@@@@@@@@@@@@@@@@@#%%@@@@@@@@@@@@@@@+                                                            
255,255,255|@@@@@@@@@@@@@@@@@@@@@@@@@@@@@@@@@@@#                                                            
255,255,255|@@@@@@@@@@@@@@@@@@@@@@@@@@@@@@@@@@@%                                                            
255,255,255|@@@@@@@@@@@@@@@@@@@@@@@@@@@@@@@@@@@@%##*=--:.            ..                                     
254,254,254|@@@@@@@@@@@@@@@@@@@@@@@@@@@@@@@@@@@@@@@@@@@@@@@@%%%%%@@@@@@#:                                   
255,255,255|@@@@@@@@@@@@@@@@@@@@@@@@@@@@@@@@@@@@@@@@@@@@@@@@@@%%#*+==--::                                   
197,197,197|#@@@@@@@@@@@@@@@@@@@@@@@@@@@@@@@@@#**#%@@@@%*=:.                        ..:---==========-::.    
161,161,161|*%@@@@@@@@@@@@@@@@@@@@@@@@@@@@@@@@@#+-. .:=*%@@@@#*+=:.      .::-=+**#%%@@@@@@@@@@@@@@@@@@@@@%%%
245,245,245|@@@@@@@@@@@@@@@@@@@@@@@@@@@@@@@@@@@@@@@#+-.   :=#@@@@@@@%###%@@@@@@@@@@@@@@@@@@@@@@@@@@@@@@@@@@@
255,255,255|@@@@@@@@@@@@@@@@@@@@@@@@@@@@@@@@@@@@@@@@@@@@%#***#%@@@@@@@@@@@@@@@@@@@@@@@@@@@@@@@@@@@@@@@@@@@@@
254,254,254|@@@@@@@@@@@@@@@@@@@@@@@@@@@@@@@@@@@@@@@@@@@@@@@@@@@@@@@@@@@@@@@@@@@@@@@@@@@@@@@@@@@@@@@@@@@@@@@@
255,255,255|@@@@@@@@@@@@@@@@@@@@@@@@@@@@@@@@@@@@@@@@@@@@@@@@@@@@@@@@@@@@@@@@@@@@@@@@@@@@@@@@@@@@@@@@@@@@@@@@
255,255,255|@@@@@@@@@@@@@@@@@@@@@@@@@@@@@@@@@@@@@@@@@@@@@@@@@@@@@@@@@@@@@@@@@@@@@@@@@@@@@@@@@@@@@@@@@@@@@@@@
255,255,255|@@@@@@@@@@@@@@@@@@@@@@@@@@@@@@@@@@@@@@@@@@@@@@@@@@@@@@@@@@@@@@@@@@@@@@@@@@@@@@@@@@@@@@@@@@@@@@@@
255,255,255|@@@@@@@@@@@@@@@@@@@@@@@@@@@@@@@@@@@@@@@@@@@@@@@@@@@@@@@@@@@@@@@@@@@@@@@@@@@@@@@@@@@@@@@@@@@@@@@@
255,255,255|@@@@@@@@@@@@@@@@@@@@@@@@@@@@@@@@@@@@@@@@@@@@@@@@@@@@@@@@@@@@@@@@@@@@@@@@@@@@@@@@@@@@@@@@@@@@@@@@
255,255,255|@@@@@@@@@@@@@@@@@@@@@@@@@@@@@@@@@@@@@@@@@@@@@@@@@@@@@@@@@@@@@@@@@@@@@@@@@@@@@@@@@@@@@@@@@@@@@@@@
255,255,255|@@@@@@@@@@@@@@@@@@@@@@@@@@@@@@@@@@@@@@@@@@@@@@@@@@@@@@@@@@@@@@@@@@@@@@@@@@@@@@@@@@@@@@@@@@@@@@@@
255,255,255|@@@@@@@@@@@@@@@@@@@@@@@@@@@@@@@@@@@@@@@@@@@@@@@@@@@@@@@@@@@@@@@@@@@@@@@@@@@@@@@@@@@@@@@@@@@@@@@@
254,254,254|@@@@@@@@@@@@@@@@@@@@@@@@@@@@@@@@@@@@@@@@@@@@@@#*%@@@@@@@@@@@@@@@@@@@@@@@@@@@@@@@@@@@@@@@@@@@@@@@
255,255,255|@@@@@@@@@@@@@@@@@@@@@@@@@@@@@@@@@@@@@@@@@@@@@#   :-+#%@@@@@@@@@@@@@@@@@@@@@@@@@@@@@@@@@@@@@@@@@@
234,234,234|@@@@@@@@@@@@@@@@@@@@@@@@@@@@@@@@@@@@@@@@@@@@*         .:=+*#%@@@@@@@@@@@@@@@@@@@@@@@@@@@@@@@@@@@
22,22,22| :-+*#%@@@@@@@@@@@@@@@@@@@@@@@@@@@@@@@@@@@@=                 .:-=+*#%%@@@@@@@@@@@@@@@@@@@@@@@@@@
255,255,255|