227,227,227|%@@#*++*--..                                                                                    
255,255,255|@@@@@@@@@%%%##*=:.                                                                              
254,254,254|@@@@@@@@%#+=::::..                                                                              
255,255,255|@@@@@@@@@@@@@#=:.                                                                               
255,255,255|@@@@@@@@%@%##%@=::.                                                                             
253,253,253|@@@@@@@@@@@%###*:::.                                                                            
255,255,255|@@@@@@@@@@@@@@@@@@@*                                                                            
193,193,193|##%@@@@@@@@@@@@@@@@@=                                                                           
228,228,228|%*-.:+**#@@@@@@@@@@@@:                                                                          
128,128,128|++*=.  =#@@@@@@@@@@@@%                                                                          
216,216,216|%:   .=#@@@@@@@@@@@@@@=                                                                         
255,255,255|@@*. :*@@@@@@@@@@@@@@@%                                                                         
254,254,254|@@@@#%%@@@@@@@@@@@@@@@@:                                                                        
255,255,255|@@@@@@@@@@@@@@@@@@@@@@@+                                                                        
255,255,255|@@@@@@@@@@@@@@@@@@@@@@@@#*+=:.                                                                  
255,255,255|@@@@@@@@@@@@@@@+*%@@@@@@@@@@@@%*=:                                                              
255,255,255|@@@@@@@@@@@@@@@#*+==++*#%@@@@@@@@@%*-                                                           
255,255,255|@@@@@@@@@@@@@@@@@@@@%*+-::..:-=*#@@@@@*:                           .....                        
255,255,255|@@@@@@@@@@@@@@@@@@@@@@@@%#**+=---=+#%@@@%*+=-.        .:--=+*##%%%@@@@@@@@%##*+=-:----.         
255,255,255|@@@@@@@@@@@@@@@@@@@@@@@@@#*===+*#%@@@@@@@@@@@@@+=*##%@@@@@@@@@@@@@@@@@@@@@@@@@@@@@@@@@@*-:      
255,255,255|@@@@@@@@@@@@@@@@@@@@@@@@@@@@#+-:::-=+#@@@@@@@@@@@@@@@@@@@@@@@@@@@@@@@@@@@@@@@@@@@@@@@@@%#*==-:  
255,255,255|@@@@@@@@@@@@@@@@@@@@@@@@@@@@@@@@@@@@@@@@@@@@@@@@@@@@@@@@@@@@@@@@@@@@@@@@@@@@@@@@@@@@@@@@@@@*=.  
255,255,255|@@@@@@@@@@@@@@@@@@@@@@@@@@@@@@@@@@@@@@@@@@@@@@@@@@@@@@@@@@@@@@@@@@@@@@@@@@@@@@@@@@@@@@@@@@@%.   
255,255,255|@@@@@@@@@@@@@@@@@@@@@@@@@@@@@@@@@@@@@@@@@@@@@@@@@@@@@@@@@@@@@@@@@@@@@@@@@@@@@@@@@@@@@@@@@@@@@#+:
255,255,255|@@@@@@@@@@@@@@@@@@@@@@@@@@@@@@@@@@@@@@@@@@@@@@@@@@@@@@@@@@@@@@@@@@@@@@@@@@@@@@@@@@@@@@@@@@@@@@%%
255,255,255|@@@@@@@@@@@@@@@@@@@@@@@@@@@@@@@@@@@@@@@@@@@@@@@@@@@@@@@@@@@@@@@@@@@@@@@@@@@@@@@@@@@@@@@@@@@@@@@@
255,255,255|@@@@@@@@@@@@@@@@@@@@@@@@@@@@@@@@@@@@@@@@@@@@@@@@@@@@@@@@@@@@@@@@@@@@@@@@@@@@@@@@@@@@@@@@@@@@@@@@
255,255,255|@@@@@@@@@@@@@@@@@@@@@@@@@@@@@@@@@@@@@@@@@@@@@@@@@@@@@@@@@@@@@@@@@@@@@@@@@@@@@@@@@@@@@@@@@@@@@@@@
255,255,255|@@@@@@@@@@@@@@@@@@@@@@@@@@@@@@@@@@@@@@@@@@@@@@@@@@@@@@@@@@@@@@@@@@@@@@@@@@@@@@@@@@@@@@@@@@@@@@@@
255,255,255|@@@@@@@@@@@@@@@@@@@@@@@@@@@@@@@@@@@@@@@@@@@@@@@@@@@@@@@@@@@@@@@@@@@@@@@@@@@@@@@@@@@@@@@@@@@@@@@@
255,255,255|@@@@@@@@@@@@@@@@@@@@@@@@@@@@@@@@@#=#%@@@@@@@@@@@@@@@@@@@@@@@@@@@@@@@@@@@@@@@@@@@@@@@@@@@@@@@@@@@
254,254,254|@@@@@@@@@@@@@@@@@@@@@@@@@@@@@@@@@.   :=*#@@@@@@@@@@@@@@@@@@@@@@@@@@@@@@@@@@@@@@@@@@@@@@@@@@@@@@@
255,255,255|@@@@@@@@@@@@@@@@@@@@@@@@@@@@@@@%:         .-+*#%@@@@@@@@@@@@@@@@@@@@@@@@@@@@@@@@@@@@@@@@@@@@@@@@
249,249,249|@@@@@@@@@@@@@@@@@@@@@@@@@@@@@@#                  .:-=+*##%@@@@@@@@@@@@@@@@@@@@@@@@@@@@@@@@@%%*+*
31,31,31|..:-=+*#%@@@@@@@@@@@@@@@@@@@@#:                            ..::--=+#%@@@@@@@@@@@@@@@@@%#**::--: 
0,0,0|         ..:=%@@@@@@%#%%#+-==                                         .:=+#@@@@@@@@@@@%*+==.    
255,255,255|