255,255,255|@@@@@@@@@@@@@@@@@@@@@@@@@@@@@@@@@#:                                                             
255,255,255|@@@@@@@@@@@@@@@@@@@@@@@@@@@@@@@@@+                                                              
255,255,255|@@@@@@@@@@@@@@@@@@@@@@@@@@@@@@@@@@@#+-.                                                         
255,255,255|@@@@@@@@@@@@@@@@@@@@@@@@@@@@@@@@@@#**%@#+=:.                                                    
255,255,255|@@@@@@@@@@@@@@@@@@@@@@@@@@@@@@@@@@@#=.--:---:                                                   
255,255,255|@@@@@@@@@@@@@@@@@@@%@@@@@@@@@@@@@@@@%#=.                                                        
255,255,255|@@@@@@@@@@@@@@@@@@@@%%%%@@@@@@@@@@@@@%#%#=.                                                     
255,255,255|@@@@@@@@@@@@@@@@@@@@@@%**#%@@@@@@@@@@@*=*@#*-.                                                  
255,255,255|@@@@@@@@@@@@@@@@@@@@@@@%**++#@@@@@@@@@@%+=:-++-.                                                
255,255,255|@@@@@@@@@@@@@@@@@@@@@@@%+::-=#%@%@@@@@@@*.:.  ..                                                
255,255,255|@@@@@@@@@@@@@@@@@@@@@@@@@*:.-*%@@@@@@@@@@:                                                      
255,255,255|@@@@@@@@@@@@@@@@@@@@@@%#@@%+*%@@@@@@@@@@@#                                                      
255,255,255|@@@@@@@@@@@@@@@@@@@@@@@-.+%%%@@@@@@@@@@@@@-                                                     
255,255,255|@@@@@@@@@@@@@@@@@@@@@@@@-:+#@@@@@@@@@@@@@@*                                                     
255,255,255|@@@@@@@@@@@@@@@@@@@@@@@@@@@@@@@@@@@@@@@@@@@                                                     
255,255,255|@@@@@@@@@@@@@@@@@@@@@@@@@@@@@@@@@@@@@@@@@@@:                                                    
255,255,255|@@@@@@@@@@@@@@@@@@@@@@@@@@@@@@@@@@@@@@@@@@@-                                                    
255,255,255|@@@@@@@@@@@@@@@@@@@@@@@@@@@@@@@@@@@@@@@@@@@@#*+=::..   ..::-=+****-                             
252,252,252|@@@#*%@@@@@@@@@@@@@@@@@@@@@@@@@@@@@@@@@@@@@@@@@@@@@@@%%@@@@@@@@@@@@+:                           
255,255,255|@@= .=*@@@@@@@@@@@@@@@@@@@@@@@@@@@@@@@@@@@@@@@@@@@@@@@@@@@%%#*+=-:..                            
177,177,177|*.    :=#@@@@@@@@@@@@@@@@@@@@@@@@@@@@@@@%*==-=+*#%@@@@@%*=:.                  ..::--==++*******+
0,0,0|     :=*%@@@@@@@@@@@@@@@@@@@@@@@@@@@@@@@@@@#+-.    :-+#@@@@@%#*=-....:-==+*##%%@@@@@@@@@@@@@@@@@
0,0,0|   .=*%@@@@@@@@@@@@@@@@@@@@@@@@@@@@@@@@@@@@@@@@@#+=:...:=*%@@@@@@@@@@@@@@@@@@@@@@@@@@@@@@@@@@@@@
20,20,20| :=*%@@@@@@@@@@@@@@@@@@@@@@@@@@@@@@@@@@@@@@@@@@@@@@@@@@%%%%@@@@@@@@@@@@@@@@@@@@@@@@@@@@@@@@@@@@@
138,138,138|+#%@@@@@@@@@@@@@@@@@@@@@@@@@@@@@@@@@@@@@@@@@@@@@@@@@@@@@@@@@@@@@@@@@@@@@@@@@@@@@@@@@@@@@@@@@@@@@
242,242,242|@@@@@@@@@@@@@@@@@@@@@@@@@@@@@@@@@@@@@@@@@@@@@@@@@@@@@@@@@@@@@@@@@@@@@@@@@@@@@@@@@@@@@@@@@@@@@@@@
255,255,255|@@@@@@@@@@@@@@@@@@@@@@@@@@@@@@@@@@@@@@@@@@@@@@@@@@@@@@@@@@@@@@@@@@@@@@@@@@@@@@@@@@@@@@@@@@@@@@@@
254,254,254|@@@@@@@@@@@@@@@@@@@@@@@@@@@@@@@@@@@@@@@@@@@@@@@@@@@@@@@@@@@@@@@@@@@@@@@@@@@@@@@@@@@@@@@@@@@@@@@@
255,255,255|@@@@@@@@@@@@@@@@@@@@@@@@@@@@@@@@@@@@@@@@@@@@@@@@@@@@@@@@@@@@@@@@@@@@@@@@@@@@@@@@@@@@@@@@@@@@@@@@
255,255,255|@@@@@@@@@@@@@@@@@@@@@@@@@@@@@@@@@@@@@@@@@@@@@@@@@@@@@@@@@@@@@@@@@@@@@@@@@@@@@@@@@@@@@@@@@@@@@@@@
255,255,255|@@@@@@@@@@@@@@@@@@@@@@@@@@@@@@@@@@@@@@@@@@@@@@@@@@@@@@@@@@@@@@@@@@@@@@@@@@@@@@@@@@@@@@@@@@@@@@@@
255,255,255|@@@@@@@@@@@@@@@@@@@@@@@@@@@@@@@@@@@@@@@@@@@@@@@@@@@@@@@@@@@@@@@@@@@@@@@@@@@@@@@@@@@@@@@@@@@@@@@@
255,255,255|@@@@@@@@@@@@@@@@@@@@@@@@@@@@@@@@@@@@@@@@@@@@@@@@@@@@@@@@@@@@@@@@@@@@@@@@@@@@@@@@@@@@@@@@@@@@@@@@
252,252,252|@@@@@@@@@@@@@@@@@@@@@@@@@@@@@@@@@@@@@@@@@@@@@@@@@@@@@@@@@@@@@@@@@@@@@@@@@@@@@@@@@@@@@@@@@@@@@@@@
255,255,255|@@@@@@@@@@@@@@@@@@@@@@@@@@@@@@@@@@@@@@@@@@@@@@@@@@@@@@: :=*%@@@@@@@@@@@@@@@@@@@@@@@@@@@@@@@@@@@@
109,109,109|====*%@@@@@@@@@@@@@@@@@@@@@@@@@@@@@@@@@@@@@@@@@@@@@@%:       :=+#%@@@@@@@@@@@@@@@@@@@@@@@@@@@@@@
255,255,255|