0,0,0|    *@@@@@@@@@@@@@@%#+=:=@@@@@@@@@@@@@@@@@@@@@@@@@@@@@@@@@@@@@@@@@@@@@@@@@@@@@@@@@@@@@@@@@@@%%%%
3,3,3|   =@@@@@@@@@@@@@@@@#*+=#@@@@@@@@@@@@@@@@@@@@@@@@@@@@@@@@@@@@@@@@@@@@@@@@@@@@@@@@@@@@@@@@@@@@@@@
0,0,0|  +@@@@@@@@@@@@@@@@@@@%@@@@@@@@@@@@@@@@@@@@@@@@@@@@@@@@@@@@@@@@@@@@@@@@@@@@@@@@@@@@@@@@@@@@@@@@@
53,53,53|:#@@@@@@@@@@@@@@@@@@@@@@@@@@@@@@@@@@@@@@@@@@@@@@@@@@@@@@@@@@@@@@@@@@@@@@@@@@@@@@@@@@@@@@@@@@@@@@
250,250,250|@@@@@@@@@@@@@@@@@@@@@@@@@@@@@@@@@@@@@@@@@@@@@@@@@@@@@@@@@@@@@@@@@@@@@@@@@@@@@@@@@@@@@@@@@@@@@@@@
255,255,255|@@@@@@@@@@@@@@@@@@@@@@@@@@@@@@@@@@@@@@@@@@@@@@@@@@@@@@@@@@@@@@@@@@@@@@@@@@@@@@@@@@@@@@@@@@@@@@@@
254,254,254|@@@@@@@@@@@@@@@@@@@@@@@@@@@@@@@@@@@@@@@@@@@@@@@@@@@@@@@@@@@@@@@@@@@@@@@@@@@@@@@@@@@@@@@@@@@@@@@@
251,251,251|@@@@@@@@@@@@@@@@@@@@@@@@@@@@@@@@@@@@@@@@@@@@@@@@@@@@@@@@@@@@@@@@@@@@@@@@@@@@@@@@@@@@@@@@@@@@@@@@
255,255,255|@@@@@@@@@@@@@@@@@@@@@@@@@@@@@@@@@@@@@@@@@@@@@@@@@@@@@@@@@@@@@@@@@@@@@@@@@@@@@@@@@@@@@@@@@@@@@@@@
139,139,139|++*@*##@@@@@@@@@@@@@@@@@@@@@@@@@@@@@@@@@@@@@@@@@@@@@@@@@@@@@@@@@@@@@@@@@@@@@@@@@@@@@@@@@@@@@@@@@
0,0,0|   .  +@@@@@@@@@@@@@@@@@@@@@@@@@@@@@@@@@@@@@@@@@@@@@@@@@@@@@@@@@@@@@@@@@@@@@@@@@@@@@@@@@@@@@@@@@
0,0,0|     .@@@@@@@@@@@@@@@@@@@@@@@@@@@@@@@@@@@@@@@@@@@@@@@@@@@@@@@@@@@@@@@@@@@@@@@@@@@@@@@@@@@@@@@@@@
79,79,79|-  . *@@@@@@@@@@@@@@@@@@@@@@@@@@@@@@@@@@@@@@@@@@@@@@@@@@@@@@@@@@@@@@@@@@@@@@@@@@@@@@@@@@@@@@@@@@
182,182,182|#==--@@@@@@@@@@@@@@@@@@@@@@@@@@@@@@@@@@@@@@@@@@@@@@@@@@@@@@@@@@@@@@@@@@@@@@%@@@@@@@@@@@@@@@@@@@@
208,208,208|%##*#@@@@@@@@@@@@@@@@@@@@@@@@@@@@@@@@@@@@@@@@@@@@@@@@@@@@@@@@@@@@@@@@@@@@@= .-*#@@@@@@@@@@@@@@@@
255,255,255|@@@@@@@@@@@@@@%###***++++**+++++++==*%@@@%%@@@@@@@@@@@@@@@@@@@@@@@@@@@@@@:       :-+*%%@@@@@@@@@
255,255,255|@@@@@@@@@@@@@@%**+-:.                  ..    ..:*@@@@@@@@@@@@@@@@@@@@@@%.              .:-=+*#%%
255,255,255|@@@@@@@@@@@@@@%#*+=-:.                          .@@@@@@@@@%###%%@@@@@@@@:                       
255,255,255|@@@@@@@@@@@@@@%#*+=-:.                           .#@@@@@@@%*=.   .:=+*#*:                       
255,255,255|@@@@@@@@@@@@@@%%*++=:.                             *@@@@@@%+:                                   
255,255,255|@@@@@@@@@@@@@@@%#*+=-:                              .+#@@#:                                     
255,255,255|@@@@@@@@@@@@@@@%#*+=-:                                                                          
255,255,255|@@@@@@@@@@@@@@%%*+=-:.                                                                          
255,255,255|@@@@@@@@@@@@@@%#*+-:.                                                                           
255,255,255|@@@@@@@@@@@@@%#*=-:                                                                             
253,253,253|@@@@@@@@@@@%#+=-..                                                                              
253,253,253|@@@@@@@@%*+-:                                                                                   
255,255,255|@%##+=-:.                                                                                       
45,45,45|.                                                                                               
0,0,0|                                                                                                
2,2,2|                                                                                                
0,0,0|                                                                                                
0,0,0|                                                                                                
0,0,0|                                                                                                
0,0,0|                                                                                                
0,0,0|                                                                                                
255,255,255|