0,0,0|                                                                   .-  +@@@@@@@@@@@@@@@@@@@@@@@@
0,0,0|                                                                  .*. +@@@@@@@@@@@@@@@@@@@@@@@@@
0,0,0|                                                                  *- +@@@@@@@@@@@@@@@@@@@@@@@@@@
0,0,0|                                                                 :+ *@@@@@@@@@@@@@@@@@@@@@@@@@@@
0,0,0|                                                                 +.*@@@@@@@@@@@@@@@@@@@@@@@@@@@@
1,1,1|                                                                -##@@@@@@@@@@@@@@@@@@@@@@@@@@@@@
0,0,0|                                                               .@@@@@@@@@@@@@@@@@@@@@@@@@@@@@@@@
53,53,53|:                                                              %@@@@@@@@@@@@@@@@@@@@@@@@@@@@@@@@
90,90,90|-                                                             #@@@@@@@@@@@@@@@@@@@@@@@@@@@@@@@@@
9,9,9|                                                             *@@@@@@@@@@@@@@@@@@@@@@@@@@@@@@@@@@
0,0,0| .                                                              .....::::*@@@@@@@@@@@@@@@@@@@@@@
103,103,103|=+.                                                                     =@@@@@@@@@@@@@@@@@@@@@@@
254,254,254|@#=.                                                                   :@@@@@@@@@@@@@@@@@@@@@@@@
249,249,249|@#-                                                                    #@@@@@@@@@@@@@@@@@@@@@@@@
242,242,242|@*.                                                                    -+#@@@@@@@@@@@@@@@@@@@@@@
255,255,255|@=                                                                        .=#@@@@@@@@@@@@@@@@@@@
147,147,147|+.                                                                           .+%@@@@@@@@@@@@@@@@
15,15,15|                                                                                -%@@@@@@@@@@@@@@
1,1,1|                                                                                  =@@@@@@@@@@@@@
1,1,1|                                                                                   .#@@@@@@@@@@@
0,0,0|                                                                                     #@@@@@@@@@@
0,0,0|                                                                                      @@@@@@@@@@
0,0,0|                                                                                      +@@@@@@@@@
0,0,0|                                                                                      -@@@@@@@@@
0,0,0|                                                                                      :@@@@@@@@@
0,0,0|                                                                                      -@@@@@@@@@
0,0,0|                                                                                      +@@@@@@@@@
0,0,0|                                                                                      *@@@@@@@@@
0,0,0|                                                                                      #@@@@@@@@@
0,0,0|                                                                                      %@@@@@@@@@
0,0,0|                                                                                      #@@@@@@@@@
0,0,0|                                                                                        :-*%@@@@
0,0,0|                                                                                            :+@@
0,0,0|                                                                                              .*
0,0,0|                                                                                                
0,0,0|                                                                                                
255,255,255|