255,255,255|@@@@@@@@@@@@@@@@@@@@@@@@@@@@@@@@@@@@@@@@@@@@@@@@@@@@@@@@@@@@@#+=--::.         ..:-=-            
255,255,255|@@@@@@@@@@@@@@@@@@@@@@@@@@@@@@@@@@@@@@@@@@@@@@@@@@@@@@@@@@@@@%#*****##%%###%%@@@@%*+-:          
255,255,255|@@@@@@@%*++#@@@@@@@@@@@@@@@@@@@@@@@@@@@@@@@@@@@@@@@@@@@@@@@@%%#**++====+#@@@@@@@@%#+-.     .::--
255,255,255|@@@@@@@%*+-::=%@@@@@@@@@@@@@@@@@@@@@@@@@@@@@@@@@@@@@@@@@@@@@@@%%###*##%%@@@@@@@@@#+---=+**#%%%@@
255,255,255|@@@@@@@%#+=-.  :#@@@@@@@@@@@@@@@@@@@@@@@@@@@@@@@@@@@@@@@@@@@@@@@@@@@@@@@@@@@@@@@%##%@@@@@@@@@@@@
255,255,255|@@@@@@@@#*+=----#@@@@@@@@@@@@@@@@@@@@@@@@@@@@@@@@@@@@@@@@@@@@@@@@@@@@@@@@@@@@@@@@@@@@@@@@@@@@@@@
255,255,255|@@@@@@@@%###*#@@@@@@@@@@@@@@@@@@@@@@@@@@@@@@@@@@@@@@@@@@@@@@@@@@@@@@@@@@@@@@@@@@@@@@@@@@@@@@@@@@
255,255,255|@@@@@@@@@@@@@@@@@@@@@@@@@@@@@@@@@@@@@@@@@@@@@@@@@@@@@@@@@@@@@@@@@@@@@@@@@@@@@@@@@@@@@@@@@@@@@@@@
255,255,255|@@@@@@@@@@@@@@@@@@@@@@@@@@@@@@@@@@@@@@@@@@@@@@@@@@@@@@@@@@@@@@@@@@@@@@@@@@@@@@@@@@@@@@@@@@@@@@@@
255,255,255|@@@@@@@@@@@@@@@@@@@@@@@@@@@@@@@@@@@@@@@@@@@@@@@@@@@@@@@@@@@@@@@@@@@@@@@@@@@@@@@@@@@@@@@@@@@@@@@@
255,255,255|@@@@@@@@@@@@@@@@@@@@@@@@@@@@@@@@@@@@@@@@@@@@@@@@@@@@@@@@@@@@@@@@@@@@@@@@@@@@@@@@@@@@@@@@@@@@@@@@
255,255,255|@@@@@@@@@@@@@@@@@@@@@@@@@@@@@@@@@@@@@@@@@@@@@@@@@@@@@@@@@@@@@@@@@@@@@@@@@@@@@@@@@@@@@@@@@@@@@@@@
255,255,255|@@@@@@@@@@@@@@@@@@@@@@@@@@@@@@@@@@@@@@@@@@@@@@@@@@@@@@@@@@@@@@@@@@@@@@@@@@@@@@@@@@@@@@@@@@@@@@@@
255,255,255|@@@@@@@@@@@@@@@@@@@@@@@@@@@@@@@@@@@@@@@@@@@@@@@@@@@@@@@@@@@@@@@@@@@@@@@@@@@@@@@@@@@@@@@@@@@@@@@@
255,255,255|@@@@@@@@@@@@@@@@@@@@@@@@@@@@@@@@@@@@@@@@@@@@@@@@@@@@@@@@@@@@@@@@@@@@@@@@@@@@@@@@@@@@@@@@@@@@@@@@
255,255,255|@@@@@@@@@@@@@@@@@@@@@@@@@@@@@@@@@@@@@@@@@@@@@@@@@@@@@@@@@@@@@@@@@@@@@@@@@@@@@@@@@@@@@@@@@@@@@@@@
255,255,255|@@%*%@@@@@@@@@@@@@@@@@@@@@@@@@@@@@@@@@@@@@@@@@@@@@@@@@@@@@@@@@@@@@@@@@@@@@@@@@@@@@@@@@@@@@@@@@@@
249,249,249|@%*--@@@@@@@@@@@@@@@@@@@@@@@@@@@@@@@@@@@@@@@@@@@@%#*========+++**##%%@@@@@@@@@@@@@@@@@@@@@@@@@@@
177,177,177|*+-. .--=++***#######@@@@@@@@@@@@@@@%##%@@@@@@@@@#+-.                 ..:=+#%@@@@@@@@@@@@@@@@@@@
125,125,125|=-:.                  :+%@@@@@@%#+=.    :@@@@@@@@%*=:                         .:-+*##%@@@@@@@@@@
129,129,129|+-:.                     .::::.          *@@@@@@@@#+-.                                 ..:-==+**
128,128,128|+-:.                                      -@@@@@@@%*+:                                          
124,124,124|=-:.                                       .#@@@@@@*-                                           
122,122,122|=-:.                                         :+%@%=                                             
111,111,111|=-:                                                                                             
77,77,77|-.                                                                                              
24,24,24|                                                                                                
0,0,0|                                                                                                
1,1,1|                                                                                                
0,0,0|                                                                                                
0,0,0|                                                                                                
0,0,0|                                                                                                
0,0,0|                                                                                                
0,0,0|                                                                                                
0,0,0|                                                                                                
0,0,0|                                                                                                
255,255,255|