0,0,0|                               :@@@@@=                                                .:--------
0,0,0|                                +@@@@#                                                          
0,0,0|                                 +@@@@-                                                         
0,0,0|                                  +@@@%                                                         
0,0,0|                                   +@@@=                                                        
0,0,0|                                   -@@@@.                                                       
0,0,0|                                   =@@@@+                                                       
0,0,0|                                   =@@@@@:                                                      
0,0,0|                                   -@@@@@#                                                      
0,0,0|                                    %@@@@@=                                                     
0,0,0|                                    :@@@@@@.                                                    
0,0,0|                                     =@@@@@+                                                    
0,0,0|                                      %@@@@@-   .::                                             
4,4,4|                                      -@@@@@% -#%@@*-=+:                                        
0,0,0|                                       %@@@@@%%@@@@@@@%@:   .-+:     .:--:.                     
126,126,126|=+**#%#**++=-:...:-=+#%%%%###*****+++++%@@@@@@@@@@@@@@@@@##%@@@@*==*#@@@@@@%*-----==++++***###%%
255,255,255|@@@@@@@@@@@@@@@@@@@@@@@@@@@@@@@@@@@@@@@@@@@@@@@@@@@@@@@@@@@@@@@@@@@@@@@@@@@@@@@@@@@@@@@@@@@@@@@@
231,231,231|@#*+-::-+*%@@@@@@@@@@@@@@@@@@@%##**++==---%@@@@@@@@@@@@@@@@@@@@@@@@@@@@@@@@@@@@@@*#%%%%#**+*##%%
21,21,21|            .:=*#%@@@@%*+=-:.             *@@@@@@@@@@@@@@*@@@@@@@@@@@@@@@@@@@@@@+               
0,0,0|                  .:.                     +@@@@@@@@@@@@@@*%@@@@@@@@@@#@@@@@@@@@%.               
1,1,1|                                          -@@@@@@@@@@@@@@@@@@@@@@@@@%. :-=+*##+:                
0,0,0|                                          :@@@@@@@@@@@@@@@@%%@@@@@@@*                           
0,0,0|                                          :@@@@@@@@@@@@@@@@@@@@@@#+-                            
0,0,0|                                          :@@@@@@@@@@@@@@@@@@@@@#:                              
0,0,0|                                         :#@@@@@@@@@@@@@@@@@@@@@@@@=                            
0,0,0|                                        =@@@@@@@@@@@@@@@@@@@@@@@#%#:                            
0,0,0|                                       -@@@@@@@@@@@@@@@@@@@@@@@@-                               
0,0,0|                                       #@@@@@@@@@@@@@@@@@@@@@@@@@*.                             
0,0,0|                                       *@@@@@@@@@@@@@@@@@@@@@@@@@@%.                            
0,0,0|                                        #@@@@@@@@@@@@@@@@@@@@@@@@@@#                            
0,0,0|                                         =@@@@@@@@@@@@@@@@@@@@@@@@@%                            
1,1,1|                                          .=%@@@@@@@@@@@@@@@@@@@@@@%                            
13,13,13|                                             =%@@@@@@@@@@@@@@@@@@@@%                            
1,1,1|                                               -%@@@@@@@@@@@@@@@@@%:                            
0,0,0|                                                .%@@@@@@@@@@@@@%%@@-                            
0,0,0|     .                                           :%@@@@@+.::::.  =@%+=                          
255,255,255|