0,0,0|                                                                                                
0,0,0|                                                                                                
0,0,0|                                                                                                
6,6,6|                                                                                                
18,18,18|                                                                                                
19,19,19|   ..                                                                                           
21,21,21|  ...                                                                                           
19,19,19|  .....                                                                                         
18,18,18|  ......                                                                                        
18,18,18|  .......                                                                                       
19,19,19|  .......                                                                                       
20,20,20|  ......                                                                                        
20,20,20|  .........                                                                                     
21,21,21|  .........                                                                                     
20,20,20|  ......                                                                                        
18,18,18|  ......                                                                                        
18,18,18|  .......                                                                                       
18,18,18|  .......                                                                                       
19,19,19|  ......                                                                                        
19,19,19|  .......                                                                                       
19,19,19|  .......                                                                                       
19,19,19|  .......                                                                                       
19,19,19|  ........                                                                                      
19,19,19|  ..........                                                                                    
19,19,19|  ...........                                                                                   
19,19,19|  ...........                                                                                   
19,19,19|  ...........                                                                                   
19,19,19|  ...........                                                                                   
19,19,19|  ...........                                                                                   
19,19,19|  ...........                                                                                   
19,19,19|  ...........                                                                                   
19,19,19|  ...........                                                                                   
19,19,19|  ...........                                                                                   
19,19,19|  ...........                                                                                   
19,19,19|  ...........                                                                                   
19,19,19|  ...........                                                                                   
255,255,255|