0,0,0|                                                                                                
0,0,0|                                                                                                
0,0,0|    .-:.                                                                                        
1,1,1|   .=#%#+=:                                                                                     
0,0,0|   .=%@@@%+:                    ......                                                          
15,15,15|  .:+%@@@@@#+=----:::::....    :=-::-.                                                          
223,223,223|%@@@@@@@@@@@@@@@@@@@@@@@@@@@@@%%%#***=:                                                         
243,243,243|@@@@@@@@@@@@@@@@@@@@@@@@@@@@@@@@@@@@@@%*=.                                                      
65,65,65|:+#@@@@@@@@@@@@@@@@@@@@@@@@@@@@@@@@@@@@%+:                                                      
146,146,146|+#@@@@@@@@@@@@@@@@@@@@@@@@@@@@@@@@@@@@@@%*=:.                                                   
252,252,252|@@@@@@@@@@@@@@@@@@@@@@@@@@@@@@@@@@@@@@%#+-:.                                                    
245,245,245|@@@@@@@@@@@@@@@@@@@@@@@@@@@@@@@@@@@@@@@@%*-.                                                    
49,49,49|.:--=*%@@@@@@@@@@@@@@@@@@@@@@@@@@@@%#**+=-:                                                     
0,0,0|    .-#@@@@@@@@@@@@@@@@@@@@@@@@@@@%*-                                                           
4,4,4|   .:+%@@@@@@@@@@@@@@@@@@@@@@@@@@@%#=.                                                          
3,3,3|   .-*%@@@@@@@@@@@@@@@@@@@@@@@@@@@%*-.                                                          
4,4,4|  ..-*@@@@@@@@@@@@@@@@@@@@@@@@@@@%#+:                                                           
5,5,5|  ..-#@@@@@@@@@@@@@@@@@@@@@@@@@@@%*-.                                                           
5,5,5|  ..=#@@@@@@@@@@@@@@@@@@@@@@@@@@%*=.                                                            
5,5,5|  ..=#@@@@@@@@@@@@@@@@@@@@@@@@@@%*-.                                                            
5,5,5|  ..=#@@@@@@@@@@@@@@@@@@@@@@@@@@%*=.                                                            
5,5,5|  ..=#@@@@@@@@@@@@@@@@@@@@@@@@@@%#=.                                                            
7,7,7|   .-*@@@@@@@@@@@@@@@@@@@@@@@@@@%#=.                                                            
0,0,0|  .:=#@@@@@@@@@@@@@@@@@@@@@@@@@@%#=.                                                            
146,146,146|+#%%@@@@@@@@@@@@@@@@@@@@@@@@@@@@@%#+-.                                                          
255,255,255|@@@@@@@@@@@@@@@@@@@@@@@@@@@@@@@@@@@@%*=.                                                        
238,238,238|@@@@@@@@@@@@@@@@@@@@@@@@@@@@@@@@@@@@@%*=.                                                       
241,241,241|@@@@@@@@@@@@@@@@@@@@@@@@@@@@@@@@@@@@@@%*-.                                                      
240,240,240|@@@@@@@@@@@@@@@@@@@@@@@@@@@@@@@@@@@@@@%#=:                                                      
240,240,240|@@@@@@@@@@@@@@@@@@@@@@@@@@@@@@@@@@@@@@%#+:.                                                     
238,238,238|@@@@@@@@@@@@@@@@@@@@@@@@@@@@@@@@@@@@@@%*=.                                                      
250,250,250|@@@@@@@@@@@@@@@@@@@@@@@@@@@@@@@@@@@@@#*-.                                                       
130,130,130|+===*%@@@@@@@@@@@@@@@@@@@@@@@@@@@@@@#*-.                                                        
17,17,17|  .:+%@@@@@@@@@@@@@@@@@@@@@@@@@@@@@%*=:                                                         
33,33,33|...:+%@@@@@@@@@@@@@@@@@@@@@@@@@@@@%#+-.                                                         
36,36,36|..:-*%@@@@@@@@@@@@@@@@@@@@@@@@@@@@%#+:.                                                         
255,255,255|