255,255,255|@@@@@@@@@@@@@@@@@@@@@@@@@@@@@@@@@@@@@@@@@@@@@@@@@@@@@@@@@@@@@@@@@@@@@@@@@@@@@@@@@@@@@@@@@@@@@@@@
255,255,255|@@@@@@@@@@@@@@@@@@@@@@@@@@@@@@@@@@@@@@@@@@@@@@@@@@@@@@@@@@@@@@@@@@@@@@@@@@@@@@@@@@@@@@@@@@@@@@@@
255,255,255|@@@@@@@@@@@@@@@@@@@@@@@@@@@@@@@@@@@@@@@@@@@@@@@%%##**++===----------===++**##%%@@@@@@@@@@@@@@@@@
255,255,255|@@@@@@@@@@@@@@@@@@@@@@@@@@@@@@@@@@@@%%#*+=-::.                                ..::-=+*#%@@@@@@@@
255,255,255|@@@@@@@@@@@@@@@@@@@@@@@@@@@@@%*+=-:.                                                    .:--+*##
255,255,255|@@@@@@@@@@@@@@@@@@@@@@%#+=:.                                                                    
255,255,255|@@@@@@@@@@@@@@@@%#+=:.                                                                          
255,255,255|@@@@@@@@@@@%#+-.                                                                                
251,251,251|@@@@@@@%*=:                                                                                     
255,255,255|@@@#+-.                                                                                         
125,125,125|=:                                            ....::-=++.                                       
0,0,0|                                            -#@@@@@@@@@@@#=:                                    
4,4,4|                                          -%@@@@@@@@@@@@@@@@@#+.                                
0,0,0|                                      .-*%@@@@@@@@@@@@@@@@@@@@@#                                
0,0,0|                                    .:-@@@@@@@@@@@@@@@@@@@@@@@@@=                               
0,0,0|                                  .:::+@@@@@@@@@@@@@@@@@@@@@@@@@@=                              
0,0,0|                                 .::.=#@@@@@@@@@@@@@@@@@@@@@@@@@@@*                             
0,0,0|                                 :::.+@@@@@@@@@@@@@@@@@@@@@@@@@@@@*                             
0,0,0|                                .:::.+@@@@@@@@@@@@@@@@@@@@@@@@@@@@.                             
0,0,0|                                 ::::-*%@@@@@@@@@@@@@@@@@@@@@@@@@#                              
0,0,0|                                 .::::=+@@@@@@@@@@@@@@@@@@@@@@@@@=                              
0,0,0|                                  .::::=%@@@@@@@@@@@@@@@@@@@@@@@+                               
0,0,0|                                    ..::=*@@@@@@@@@@@@@@@@@@@*-.                             .=*
0,0,0|                                       .. .-=+%@@@@@@@@@@@@#:                            .-*%@@@
0,0,0|                                              .=###*+===+=:                          :=*%@@@@@@@
0,0,0|                                                                                :-+#@@@@@@@@@@@@
1,1,1|                                                                         .:-+*%@@@@@@@@@@@@@@@@@
0,0,0|                                                                  .:-=*#%@@@@@@@@@@@@@@@@@@@@@@@
2,2,2|                                                        .::-=+*#%@@@@@@@@@@@@@@@@@@@@@@@@@@@@@@@
183,183,183|#****+++===----:::::.......     ........::::--==++*##%%@@@@@@@@@@@@@@@@@@@@@@@@@@@@@@@@@@@@@@@@@
255,255,255|@@@@@@@@@@@@@@@@@@@@@@@@@@@@@@@@@@@@@@@@@@@@@@@@@@@@@@@@@@@@@@@@@@@@@@@@@@@@@@@@@@@@@@@@@@@@@@@@
252,252,252|@@@@@@@@@@@@@@@@@@@@@@@@@@@@@@@@@@@@@@@@@@@@@@@@@@@@@@@@@@@@@@@@@@@@@@@@@@@@@@@@@@@@@@@@@@@@@@@@
255,255,255|@@@@@@@@@@@@@@@@@@@@@@@@@@@@@@@@@@@@@@@@@@@@@@@@@@@@@@@@@@@@@@@@@@@@@@@@@@@@@@@@@@@@@@@@@@@@@@@@
255,255,255|@@@@@@@@@@@@@@@@@@@@@@@@@@@@@@@@@@@@@@@@@@@@@@@@@@@@@@@@@@@@@@@@@@@@@@@@@@@@@@@@@@@@@@@@@@@@@@@@
255,255,255|@@@@@@@@@@@@@@@@@@@@@@@@@@@@@@@@@@@@@@@@@@@@@@@@@@@@@@@@@@@@@@@@@@@@@@@@@@@@@@@@@@@@@@@@@@@@@@@@
255,255,255|@@@@@@@@@@@@@@@@@@@@@@@@@@@@@@@@@@@@@@@@@@@@@@@@@@@@@@@@@@@@@@@@@@@@@@@@@@@@@@@@@@@@@@@@@@@@@@@@
255,255,255|