0,0,0|                                                                                                
0,0,0|                                                                                                
0,0,0|                                                                                                
0,0,0|                                                                                                
0,0,0|                                                                                                
0,0,0|                                                                                                
0,0,0|                                          :++=.                                                 
0,0,0|                                          *@@@%.  -+****+=.                                     
0,0,0|                                       :=.=@@#: =@@@@@@@@@@%+-.                                 
0,0,0|                                       :%@@@@%%@@@@@@@@@%..-+*+-                                
0,0,0|                                         -*%@@@@@@@@@@@@#:.                                     
0,0,0|                                            .+@@@@@@@@@@@@@@@#=                                 
0,0,0|                                              .=@@@@@@@@@@@@@@@%-.                              
0,0,0|                                            -*%*=**@@@@@@@@@@@@@@@%*:                           
0,0,0|                                            %@@@- .@@@@@@@@@@@@@@@@@+                           
0,0,0|                                             :-#@=%@@@@@@@*==+++...                             
0,0,0|                                               :@@@@@@@@@@#   :=+#+                             
0,0,0|                                                @@@@@@@@@@@*.%@@@@@                             
0,0,0|                                                :%@#-@@@@@@@@@@@@@%.                            
0,0,0|                                                =@@. .@@@@@@@@@@@@%%%%%##**+                    
0,0,0|                                               *@#.  =@@@@@@@@@@@@#*#%@@@%+:. .:--======--:     
0,0,0|             .*#**+++=--::..                 :%@-  -%@@@@@@@@@@@@@@@@@@@@@%#%@@@@@@@@@@@@@@#=   
0,0,0|              +@@@@@@@@@@@@@@@%%%###****++==#@@%:=%@@@@@@@@@@@@@@@@@@@@@@@@@@@@@@@@@@@@@@@@@@=:.
0,0,0|                 ...=@@%*#%@@@@@@@@@@@@@@@@@@@@@@@@@@@@@@@@@@@@@@@@@@@@@@@@@@@@@@@@@@@@@@@@@@@@%
0,0,0|                     ::     .:-=+***#:      .:.*@@@@@@@@@@@@@@@@@@@%@@@@@@@@@@@@@@@@@@@@@@@@@@@@
0,0,0|                                               :#%%##***+#%@@@@@= . .=*%@@@@@@@@@@@@@@@@@@@@@@@@
0,0,0|                                                          -@@%@@%       .:=++*##%%@@@@@@@@@@@#*#
5,5,5|                                                          .@# *@@-                ..:=*#%@@#=.  
10,10,10|                                                               -:                      ...::.   
0,0,0|                                                                                                
0,0,0|                                                                                                
0,0,0|                                                                                                
0,0,0|                                                                                                
0,0,0|                                                                                                
0,0,0|                                                                                                
0,0,0|                                                                                                
255,255,255|