0,0,0|                                                                                                
0,0,0|                                                                                                
0,0,0|                                                                                                
6,6,6|                                                                                                
18,18,18|                 :=*##%%%%%%##*+==--::.                                                         
19,19,19|   ..         .=%@@@@@@@@@@@@@@@@%%#**+=-:......                                                
22,22,22|  ....       -#@@@@@@@@@@@@@@@@@@@@%%#*++=-:......                                              
22,22,22|  ......  .:=#@@@@@@@@@@@@@@@@@@@@@@@%%#*++=-:....                                              
22,22,22|  ......:=+*%@@@@@@@@@@@@@@@@@@@@@@@@@@%%#*+=-::.....                                           
22,22,22|  .... .=+--*@@@@@@@@@@@@@@@@@@@@@@@@@@@%#*++=-::....                                           
22,22,22|  ......:+##%@@@@@@@@@@@@@@@@@@@@@@@@@@%%#*++=-:.....                                           
22,22,22|  .....  .-#@@@@@@@@@@@@@@@@@@@@@@@@@@%%#*+==-:.......                                          
22,22,22|  ......-*#@@@@@@@@@@@@@@@@@@@@@@@@@@@@@%#**+=-:......                                          
21,21,21|  ... .-#@@@@@@@@@@@@@@@@@@@@@@@@@@@@@@@@%#*++=-:.....                                          
21,21,21|   .....:=*%%%@@@@@@@@@@@@@@@@@@@@@@@@%%#*+==-:......                                           
20,20,20|   ...      .-#@@@@@@@@@@@@@@@@@@@@@@@%##*+=-:.......                                           
20,20,20|   .......  .=#@@@@@@@@@@@@@@@@@@@@@@@%%#*+==-:......                                           
20,20,20|   ......   .=%@@@@@@@@@@@@@@@@@@@@@@@%%#*++=-:......                                           
20,20,20|   ......   .=%@@@@@@@@@@@@@@@@@@@@@@@@%#**+=-:......                                           
20,20,20|   .......  .=%@@@@@@@@@@@@@@@@@@@@@@@@%#**+=-:.......                                          
20,20,20|   .....  .:=#@@@@@@@@@@@@@@@@@@@@@@@@@%##*+=-:.......                                          
21,21,21|  .... .:=#@@@@@@@@@@@@@@@@@@@@@@@@@@@@%%#*+=-::.. ...                                          
20,20,20|     .:+@@@@@@@@@@@@@@@@@@@@@@@@@@@@@@@@%#**+=-:.......                                         
53,53,53|:--::-*@@@@@@@@@@@@@@@@@@@@@@@@@@@@@@@@@@%##*+=-:.......                                        
127,127,127|=%@@@@@@@@@@@@@@@@@@@@@@@@@@@@@@@@@@@@@@@@%##*+=-:.......                                       
152,152,152|+%@@@@@@@@@@@@@@@@@@@@@@@@@@@@@@@@@@@@@@@@%%#*+==-:......                                       
147,147,147|+%@@@@@@@@@@@@@@@@@@@@@@@@@@@@@@@@@@@@@@@@%%#*+=-::.......                                      
179,179,179|#@@@@@@@@@@@@@@@@@@@@@@@@@@@@@@@@@@@@@@@@@@%#**+=-:.......                                      
178,178,178|*@@@@@@@@@%%@@@@@@@@@@@@@@@@@@@@@@@@@@@@@@@%#**+=-:.......                                      
182,182,182|#@@@@@@%###%@@@@@@@@@@@@@@@@@@@@@@@@@@@@@@%##*+=-:......                                        
156,156,156|*@@@@@%*++*#@@@@@@@@@@@@@@@@@@@@@@@@@@@@@@@%#*+==-:......                                       
69,69,69|:*@@@@@#*++*%@@@@@@@@@@@@@@@@@@@@@@@@@@@@@%#*++=-:.....                                         
25,25,25| :*@@@@%*++*#@@@@@@@@@@@@@@@@@@@@@@@@@@@@%##*+=-:.......                                        
22,22,22|  :*@@@@%+++#@@@@@@@@@@@@@@@@@@@@@@@@@@@@%%#*+==-:......                                        
23,23,23|  .:*@@@@#++*%@@@@@@@@@@@@@@@@@@@@@@@@@@@@%#**+=-:......                                        
24,24,24|  ..:*@@@@%%%@@@@@@@@@@@@@@@@@@@@@@@@@@@@@%#**+=-:......                                        
255,255,255|