0,0,0|                                 %@#                                                            
0,0,0|                                 -@@:                                                           
0,0,0|                                  +@#                                                           
0,0,0|                                   %@-                                                          
0,0,0|                                   -@%                                                          
0,0,0|                                    %@+                                                         
0,0,0|                                    =@@.                                                        
0,0,0|                                    .@@*                                                        
0,0,0|                                     *@@:                                                       
0,0,0|                                     .@@#                                                       
0,0,0|                                      +@@-                                                      
0,0,0|                                       %@%            .   .-=+**#*+:                            
0,0,0|                                       -@@= .+*:-#*.=%@%*%@@@@@@@@@@%+.                         
1,1,1|                                        #@%..@@@@@@@@@@@@@@@@@@@@@@@@@@=                        
0,0,0|                                        -@@%#@@@@@@@@@@@@@@@@@@@@@@@@@%-                        
20,20,20|  .......             ......          ...%@@@@@@@@@@@@@@@@@@@@@@@@@@@@+                  .......
240,240,240|@@@@@@@@@@@@@@@@@@@@@@@@@@@@@@@@@@@@@@@@@@@@@@@@@@@@@@@@@@@@@@@@@@@@@@@%%%%%%%%%%%@@@@@@@@@@@@@@
52,52,52|:........:::---===+++++===---::::.........=@@@@@@@@@@@@@@@@@=:::::::..............:::::.......::
0,0,0|                                           %@@@@@@@@@@@@@%+:                                    
2,2,2|                                           =@@@@@@@@@@@@+                                       
0,0,0|                                      .-=**#@@@@@@@@@@@@@#=                                     
0,0,0|                                    -*@@@@@@@@@@@@@@@@@@@@#                                     
0,0,0|                                  .*@@@@@@@@@@@@@@@@@@@@-.                                      
0,0,0|                                 .#@@@@@@@@@@@@@@@@@@@@@%=                                      
0,0,0|                                 :@@@@@@@@@@@@@@@@@@@@@@@@%-                                    
0,0,0|                                  #@@@@@@@@@@@@@@@@@@@@@@@@@+                                   
0,0,0|                                  .@@@@@@@@@@@@@@@@@@@@@@@@@@-                                  
0,0,0|                                   :@@@@@@@@@@@@@@@@@@@@@@@@@+                                  
0,0,0|                                    :@@@@@@@@@@@@@@@@@@@@@@@@-                                  
0,0,0|                                     :%@@@@@@@@@@@@@@@@@@@@@+                                   
0,0,0|                                       +@@@@@@@@@@@@@@@@@@@@#=                                  
0,0,0|                                         :=*##%@@@@@@%%#%@@@%-                                  
0,0,0|                                               *@@@@@:  .--%%.                                  
0,0,0|                                               -@@@@@*     .@%.                                 
0,0,0|                                                -#*#@@-     -@#                                 
0,0,0|                                                   .%@*      =@*                                
255,255,255|