0,0,0|                                                                                                
0,0,0|                                                                                                
0,0,0|                                                                                                
0,0,0|                                                                                                
0,0,0|              .-++==-.                      .....                                               
0,0,0|              .-*@@@%*-.                   :==-==:                                              
0,0,0|              .-*@@@@@@#***************+++*#%###+:                                              
0,0,0|        .:+#%%%@@@@@@@@@@@@@@@@@@@@@@@@@@@@@@@@@%*=.                                            
0,0,0|          .-*%@@@@@@@@@@@@@@@@@@@@@@@@@@@@@@@@@@@@#=.                                           
0,0,0|             :+%@@@@@@@@@@@@@@@@@@@@@@@@@@@@@@@@@@@@@%*-.                                       
0,0,0|           :=#@@@@@@@@@@@@@@@@@@@@@@@@@@@@@@@@@@@@%#*=:.                                        
0,0,0|        .:+%@@@@@@@@@@@@@@@@@@@@@@@@@@@@@@@@@@@@@@@%+:                                          
0,0,0|        .-++*#%%@@@@@@@@@@@@@@@@@@@@@@@@@@@@@@%#*+=-:.                                          
0,0,0|                .:=#@@@@@@@@@@@@@@@@@@@@@@@@@%+:                                                
0,0,0|                 .-*@@@@@@@@@@@@@@@@@@@@@@@@@%*-.                                               
0,0,0|                 .:+%@@@@@@@@@@@@@@@@@@@@@@@@%+:                                                
0,0,0|                 .:+%@@@@@@@@@@@@@@@@@@@@@@@@#=:                                                
0,0,0|                 .:+%@@@@@@@@@@@@@@@@@@@@@@@%*-.                                                
0,0,0|                 .:+%@@@@@@@@@@@@@@@@@@@@@@@%*=.                                                
0,0,0|                 .:+%@@@@@@@@@@@@@@@@@@@@@@@%#=:                                                
0,0,0|                 .:+%@@@@@@@@@@@@@@@@@@@@@@@@#=:                                                
0,0,0|                  :=%@@@@@@@@@@@@@@@@@@@@@@@@#+:                                                
0,0,0|                 .-+%@@@@@@@@@@@@@@@@@@@@@@@@#=.                                                
0,0,0|            .:=+*%@@@@@@@@@@@@@@@@@@@@@@@@@@@#+:                                                
0,0,0|         :=#%@@@@@@@@@@@@@@@@@@@@@@@@@@@@@@@@@@%*-.                                             
0,0,0|       .=#@@@@@@@@@@@@@@@@@@@@@@@@@@@@@@@@@@@@@@@%+:                                            
0,0,0|      .-*@@@@@@@@@@@@@@@@@@@@@@@@@@@@@@@@@@@@@@@@@#+:                                           
2,2,2|    .-*%@@@@@@@@@@@@@@@@@@@@@@@@@@@@@@@@@@@@@@@@@@%#=.                                          
8,8,8|   .:*%@@@@@@@@@@@@@@@@@@@@@@@@@@@@@@@@@@@@@@@@@@@@%+:                                          
18,18,18|  :=#@@@@@@@@@@@@@@@@@@@@@@@@@@@@@@@@@@@@@@@@@@@@@@%+:                                          
31,31,31|.:*%@@@@@@@@@@@%##%@@@@@@@@@@@@@@@@@@@@@@@@@@@@@@@%+:.                                          
89,89,89|-*@@@@@@@@@%*=-::=#@@@@@@@@@@@@@@@@@@@@@@@@@@@@@@%+:                                            
122,122,122|=#@@@@@@@@@%*=:.:+%@@@@@@@@@@@@@@@@@@@@@@@@@@@@@@#=:                                            
78,78,78|-*%@@@@@@@@@%*=:-+%@@@@@@@@@@@@@@@@@@@@@@@@@@@@@%*-.                                            
32,32,32|.-*%@@@@@@@@%%*==*%@@@@@@@@@@@@@@@@@@@@@@@@@@@@@%#=.                                            
22,22,22| .-*%@@@@@@@@@%++*@@@@@@@@@@@@@@@@@@@@@@@@@@@@@@@#=:                                            
255,255,255|