255,255,255|@@@@@@@@@@@@@@@@@@@@@@@@@@@@@@@@@@@@@@@@@@@@@@@@@@@@@@@@@@@@@@@@@@@@@@@@@@@@@@@@@@@@@@@@@@@@@@@@
255,255,255|@@@@@@@@@@@@@@@@@@@@@@@@@@@@@@@@@@@@@@@@@@@@@@@@@@@@@@@@@@@@@@@@@@@@@@@@@@@@@@@@@@@@@@@@@@@@@@@@
255,255,255|@@@@@@@@@@@@@@@@@@@@@@@@@@@@@@@@@@@@@@@@@@@@@@@@@@@@@@@@@@@@@@@@@@@@@@@@@@@@@@@@@@@@@@@@@@@@@@@@
255,255,255|@@@@@@@@@@@@@@@@@@@@@@@@@@@@@@@@@@@@@@@@@@@@@@@@@@@@@@@@@@@@@@@@@@@@@@@@@@@@@@@@@@@@@@@@@@@@@@@@
255,255,255|@@@@@@@@@@@@@@@@@@@@@@@@@@@@@@@@@@@@@@@@@@@@@@@@@%%%%##########%%%%@@@@@@@@@@@@@@@@@@@@@@@@@@@@@
255,255,255|@@@@@@@@@@@@@@@@@@@@@@@@@@@@@@@@@@@%%#*++=-::...                    ..::-=+*##%@@@@@@@@@@@@@@@@@
255,255,255|@@@@@@@@@@@@@@@@@@@@@@@@@@@%*+=-:..                                            .:-=+*#%@@@@@@@@@
255,255,255|@@@@@@@@@@@@@@@@@@@@%*+-:.                                                             .:-=*#%%@
255,255,255|@@@@@@@@@@@@@@%*=-.                                                                           .:
252,252,252|@@@@@@@@@%*=:.                                                                                  
255,255,255|@@@@%*=:.                                                                                       
189,189,189|#+-.                                           -*+=--:---                                       
0,0,0|                                           .-*@@@@@@@@@@@%=                                     
1,1,1|                                        .+%@@@@@@@@@@@@@@@@%+:                                  
0,0,0|                                       :%@@@@@@@@@@@@@@@@@@@@@%:                                
0,0,0|                                     .-#@@@@@@@@@@@@@@@@@@@@@@@*                                
0,0,0|                                    .:#@@@@@@@@@@@@@@@@@@@@@@@@@.                               
0,0,0|                                    .=@@@@@@@@@@@@@@@@@@@@@@@@@@*                               
0,0,0|                                   .:-%@@@@@@@@@@@@@@@@@@@@@@@@@@:                              
0,0,0|                                    .-+%@@@@@@@@@@@@@@@@@@@@@@@@*                               
0,0,0|                                    .:=@@@@@@@@@@@@@@@@@@@@@@@@#                                
0,0,0|                                     ..*@@@@@@@@@@@@@@@@@@@@@@@.                                
0,0,0|                                        -*#@@@@@@@@@@@@@@@@@@#:                             :=*%
1,1,1|                                          :-#@@@@@@@@@@@@#+=.                          .:=#%@@@@
0,0,0|                                             -=++++*#%%+:                         .:=*%@@@@@@@@@
15,15,15|                                                                            .:=+#%@@@@@@@@@@@@@@
216,216,216|%%#**+=--::.                                                       ..:-=+*%@@@@@@@@@@@@@@@@@@@@@
255,255,255|@@@@@@@@@@@@@%%#**++=--::...                         ...::-==+**#%@@@@@@@@@@@@@@@@@@@@@@@@@@@@@@
253,253,253|@@@@@@@@@@@@@@@@@@@@@@@@@@@@@@%%%%%###########%%%%%@@@@@@@@@@@@@@@@@@@@@@@@@@@@@@@@@@@@@@@@@@@@@
255,255,255|@@@@@@@@@@@@@@@@@@@@@@@@@@@@@@@@@@@@@@@@@@@@@@@@@@@@@@@@@@@@@@@@@@@@@@@@@@@@@@@@@@@@@@@@@@@@@@@@
255,255,255|@@@@@@@@@@@@@@@@@@@@@@@@@@@@@@@@@@@@@@@@@@@@@@@@@@@@@@@@@@@@@@@@@@@@@@@@@@@@@@@@@@@@@@@@@@@@@@@@
255,255,255|@@@@@@@@@@@@@@@@@@@@@@@@@@@@@@@@@@@@@@@@@@@@@@@@@@@@@@@@@@@@@@@@@@@@@@@@@@@@@@@@@@@@@@@@@@@@@@@@
255,255,255|@@@@@@@@@@@@@@@@@@@@@@@@@@@@@@@@@@@@@@@@@@@@@@@@@@@@@@@@@@@@@@@@@@@@@@@@@@@@@@@@@@@@@@@@@@@@@@@@
255,255,255|@@@@@@@@@@@@@@@@@@@@@@@@@@@@@@@@@@@@@@@@@@@@@@@@@@@@@@@@@@@@@@@@@@@@@@@@@@@@@@@@@@@@@@@@@@@@@@@@
255,255,255|@@@@@@@@@@@@@@@@@@@@@@@@@@@@@@@@@@@@@@@@@@@@@@@@@@@@@@@@@@@@@@@@@@@@@@@@@@@@@@@@@@@@@@@@@@@@@@@@
255,255,255|@@@@@@@@@@@@@@@@@@@@@@@@@@@@@@@@@@@@@@@@@@@@@@@@@@@@@@@@@@@@@@@@@@@@@@@@@@@@@@@@@@@@@@@@@@@@@@@@
255,255,255|