255,255,255|@@@@@@@@@@@@@@@@@@@@@@@@@@@@@@@@@@@@@@@@@@@@@@@@@@@@@@@@@@@@@@%%%%%%%@@@@@@@@@@@@@@@@@@@@@@@@@@@
255,255,255|@@@@@@@@@@@@@@@@@@@@@@@@@@@@@@@@@@@@@@@@@@@@@%%#**+==--:::...............::--==+**#%%@@@@@@@@@@@
255,255,255|@@@@@@@@@@@@@@@@@@@@@@@@@@@@@@@@@@@@%#*+=-:..                                        .:-=+**#%@@
255,255,255|@@@@@@@@@@@@@@@@@@@@@@@@@@@@@%#*=-:.                                                          .:
255,255,255|@@@@@@@@@@@@@@@@@@@@@@@%*+-:.                                                                   
255,255,255|@@@@@@@@@@@@@@@@@%#+-:.                                                                         
255,255,255|@@@@@@@@@@@@@#+-.                                                                               
253,253,253|@@@@@@@@%*=:                                                                                    
255,255,255|@@@@%+-.                                                                                        
206,206,206|%+-.                                                 :.                                         
0,0,0|                                            .--=++*%@@@#+:.                                     
0,0,0|                                           =@@@@@@@@@@@@@@@%*+-                                 
1,1,1|                                         =@@@@@@@@@@@@@@@@@@@@@-                                
0,0,0|                                   ..::=%@@@@@@@@@@@@@@@@@@@@@@@-                               
0,0,0|                                  .::.#@@@@@@@@@@@@@@@@@@@@@@@@@@*                              
0,0,0|                                .:::.=@@@@@@@@@@@@@@@@@@@@@@@@@@@@@:                            
0,0,0|                               .:::::+%@@@@@@@@@@@@@@@@@@@@@@@@@@@@.                            
0,0,0|                               .:::::*@@@@@@@@@@@@@@@@@@@@@@@@@@@@#                             
0,0,0|                               :::::.#@@@@@@@@@@@@@@@@@@@@@@@@@@@@*                             
0,0,0|                               ::::::-%@@@@@@@@@@@@@@@@@@@@@@@@@@@*                             
0,0,0|                               .::::::==@@@@@@@@@@@@@@@@@@@@@@@@@%:                             
0,0,0|                                 :::::-=+@@@@@@@@@@@@@@@@@@@@@@%=                               
0,0,0|                                  .:::::-#@@@@@@@@@@@@@@@@@@@@=                              .=#
0,0,0|                                     ..:...-++*%@@@@@@@@@@@@*.                           .-+%@@@
0,0,0|                                             ..:=#%#*+=--::.                         .-+#@@@@@@@
0,0,0|                                                                                 :-*%@@@@@@@@@@@
0,0,0|                                                                           .:=*#@@@@@@@@@@@@@@@@
0,0,0|                                                                     .:=+#%@@@@@@@@@@@@@@@@@@@@@
1,1,1|                                                             ..:=+*#@@@@@@@@@@@@@@@@@@@@@@@@@@@@
0,0,0|                                                    .::-=+*#%@@@@@@@@@@@@@@@@@@@@@@@@@@@@@@@@@@@
23,23,23|                                   ...:::--==+**#%%@@@@@@@@@@@@@@@@@@@@@@@@@@@@@@@@@@@@@@@@@@@@@
215,215,215|%%%%%%######################%%%%%%@@@@@@@@@@@@@@@@@@@@@@@@@@@@@@@@@@@@@@@@@@@@@@@@@@@@@@@@@@@@@@
255,255,255|@@@@@@@@@@@@@@@@@@@@@@@@@@@@@@@@@@@@@@@@@@@@@@@@@@@@@@@@@@@@@@@@@@@@@@@@@@@@@@@@@@@@@@@@@@@@@@@@
253,253,253|@@@@@@@@@@@@@@@@@@@@@@@@@@@@@@@@@@@@@@@@@@@@@@@@@@@@@@@@@@@@@@@@@@@@@@@@@@@@@@@@@@@@@@@@@@@@@@@@
255,255,255|@@@@@@@@@@@@@@@@@@@@@@@@@@@@@@@@@@@@@@@@@@@@@@@@@@@@@@@@@@@@@@@@@@@@@@@@@@@@@@@@@@@@@@@@@@@@@@@@
255,255,255|@@@@@@@@@@@@@@@@@@@@@@@@@@@@@@@@@@@@@@@@@@@@@@@@@@@@@@@@@@@@@@@@@@@@@@@@@@@@@@@@@@@@@@@@@@@@@@@@
255,255,255|