0,0,0|                                                                                                
0,0,0|                                                                                                
0,0,0|                                                                                                
0,0,0|                                                                                                
0,0,0|                                                                                                
0,0,0|                                                                                                
0,0,0|                                                                                                
7,7,7|                                                                                                
43,43,43|.                                                                                               
84,84,84|-.                                                                                              
185,185,185|#=:                                                                                             
209,209,209|%%*=.                                                                                         :+
124,124,124|=#%#+-.                                                                                     :*@@
36,36,36|.-+%%#+:                                                                                    -#@#
3,3,3|  :=*%%*=:                                                                                 .+@@*
0,0,0|    -+#@%*-.                                                                               :*@@*
173,173,173|*****#%@@@@%#*************************************************************=                :*@@%
141,141,141|+-....:-+%@@#+-:...........................................................                .=#@@
161,161,161|*-      :=*%@%*-.                                                                             .:
204,204,204|%+:      .-*%@@#+-                                                                              
248,248,248|@%*=.     .-+%@@%*-.                                                                            
255,255,255|@@@%*=:    .-+%@@%*-.                                                                           
255,255,255|@@@@@%+-.   .-*%@@%*-.                                                                          
255,255,255|@@@@@@%+-    .-*%@@#=:                                                                          
254,254,254|@@@@@@@*-     :=#@@%=.                                                                          
255,255,255|@@@@@@%+:     .-*%@*:                                                                           
215,215,215|%%@@@@#+:      :+%*:                                                                            
55,55,55|::----:.       :=-                                                                              
0,0,0|                                                                                                
1,1,1|                                                                                                
0,0,0|                                                                                                
0,0,0|                                                                                                
0,0,0|                                                                                                
0,0,0|                                                                                                
0,0,0|                                                                                                
0,0,0|                                                                                                
255,255,255|