0,0,0|                                 -@=                                                            
0,0,0|                                  %@                                                            
0,0,0|                                  :@+                                                           
0,0,0|                                   #@.                                                          
0,0,0|                                   .@*                                                          
0,0,0|                                    *@.                                                         
0,0,0|                                    .@#                                                         
0,0,0|                                     +@-  +%%*  ...                                             
0,0,0|                                      %@%%@@@@%#%@@+:..                                         
0,0,0|                                  -#+.=@@@@@@@@@@@@@@@@%%#+-                                    
0,0,0|                                  .+=-+@@@@@@@@@@@@@@@@@@@@@*                                   
0,0,0|                                     -@@@@@@@@@@@@@@@@@@@@@@%.                                  
0,0,0|                                     .**%@@@@@@@@@@@@@@@@@@@-                                   
0,0,0|                                       .*@@@@@@@@#-=--::-#@#.                                   
0,0,0|                                      -%@@@@@@@@*         .                                     
0,0,0|                                     :%@@@@@@@@@@=.                                             
188,188,188|###################################*#@@@@@@@@@@@@@@%############################################
33,33,33|..............................  ..::+@@@@@@@@@@@@@@%=...........................................
0,0,0|                              :=*#%@@@@@@@@@@@@@@@*                                             
1,1,1|                            =#@@@@@@@@@@@@@@@@@@*+-                                             
0,0,0|                          .*@@@@@@@@@@@@@@@@@@@@%:                                              
0,0,0|                          +@@@@@@@@@@@@@@@@@@@@@@@#.                                            
0,0,0|                         .%@@@@@@@@@@@@@@@@@@@@@@@@@-                                           
0,0,0|                         :@@@@@@@@@@@@@@@@@@@@@@@@@@%.                                          
0,0,0|                         :@@@@@@@@@@@@@@@@@@@@@@@@@@@:                                          
0,0,0|                          %@@@@@@@@@@@@@@@@@@@@@@@@@+                                           
0,0,0|                          -@@@@@@@@@@@@@@@@@@@@@@@%-                                            
0,0,0|                           .*%@@@@@@@@@@@@@@@@@@@@@.                                            
0,0,0|                              :-=+%@@@%%%%@@@@%::@@#                                            
0,0,0|                                  -@@@=   =@@@#  +@@+                                           
0,0,0|                                   =#*:    -+=.   @@@:                                          
0,0,0|                                                  =@@%                                          
0,0,0|                                                   %@@+                                         
0,0,0|                                                   -@@@-                                        
0,0,0|                                                    #@%@.                                       
0,0,0|                                                    :@#@#                                       
255,255,255|