255,255,255|@@@@@@@@@@@@@@@@@@@@@@@@@@@@@%#+=:.                                                             
255,255,255|@@@@@@@@@@@@@@@@@@@@@@@@%#+-:                                                                   
255,255,255|@@@@@@@@@@@@@@@@@@@@#+-.                                                                        
255,255,255|@@@@@@@@@@@@@@@%*=:                                                                             
255,255,255|@@@@@@@@@@@%*=:                                                                                 
254,254,254|@@@@@@@@#=:                                                                                     
255,255,255|@@@@#+:                                                                                         
231,231,231|@*-.                                                                                            
16,16,16|                                               .--:.                                            
0,0,0|                                            .=#@@@@@@@%%%%%=                                    
1,1,1|                                        .-+%@@@@@@@@@@@@@@@@%=                                  
0,0,0|                                       #@@@@@@@@@@@@@@@@@@@@@@@*:                               
0,0,0|                                     .*@@@@@@@@@@@@@@@@@@@@@@@@@@%-                             
0,0,0|                               .... +*%@@@@@@@@@@@@@@@@@@@@@@@@@@@#                             
0,0,0|                           ..::::.-#@@@@@@@@@@@@@@@@@@@@@@@@@@@@@@@                             
0,0,0|                          ::::::.=@@@@@@@@@@@@@@@@@@@@@@@@@@@@@@@@@*                            
0,0,0|                         .::::::=@@@@@@@@@@@@@@@@@@@@@@@@@@@@@@@@@@@=                           
0,0,0|                        .::::::.*@@@@@@@@@@@@@@@@@@@@@@@@@@@@@@@@@@@#                           
0,0,0|                        :::::::::+@@@@@@@@@@@@@@@@@@@@@@@@@@@@@@@@@+                            
0,0,0|                        :::::::::.+@@@@@@@@@@@@@@@@@@@@@@@@@@@@@@@+                             
0,0,0|                        .:::::::::.-%@@@@@@@@@@@@@@@@@@@@@@@@@@@@@                              
0,0,0|                         ::::::::::::==##@@@@@@@@@@@@@@@@@@@@@@@@+                            -#
0,0,0|                         .:::::::::::..-==+%@@@@@@@@@@@@@@@@@@#=:                          .+%@@
0,0,0|                           .:::::::::::::-:-%@@@@@@@@@@@@@%+-                           .=#@@@@@
0,0,0|                             .::::::::..     ::-----=+##*-                           .=#@@@@@@@@
0,0,0|                                   ..                                             :+#@@@@@@@@@@@
0,0,0|                                                                              .-*%@@@@@@@@@@@@@@
0,0,0|                                                                          .-+%@@@@@@@@@@@@@@@@@@
0,0,0|                                                                      .-+%@@@@@@@@@@@@@@@@@@@@@@
0,0,0|                                                                 .:=*%@@@@@@@@@@@@@@@@@@@@@@@@@@
0,0,0|                                                            .:=*%@@@@@@@@@@@@@@@@@@@@@@@@@@@@@@@
0,0,0|                                                      .:-+#%@@@@@@@@@@@@@@@@@@@@@@@@@@@@@@@@@@@@
0,0,0|                                               ..-=*#%@@@@@@@@@@@@@@@@@@@@@@@@@@@@@@@@@@@@@@@@@@
0,0,0|                                        .:-=*#%@@@@@@@@@@@@@@@@@@@@@@@@@@@@@@@@@@@@@@@@@@@@@@@@@
0,0,0|                             ..::-=+*#%@@@@@@@@@@@@@@@@@@@@@@@@@@@@@@@@@@@@@@@@@@@@@@@@@@@@@@@@@
0,0,0|                  ...:-==+*#%%@@@@@@@@@@@@@@@@@@@@@@@@@@@@@@@@@@@@@@@@@@@@@@@@@@@@@@@@@@@@@@@@@@
255,255,255|