0,0,0|                                =@%                                                             
0,0,0|                                 %@=                                                            
0,0,0|                                 :@@.                                                           
0,0,0|                                  +@+                                                           
0,0,0|                                   %@.                                                          
0,0,0|                                   -@*   :-.                                                    
0,0,0|                                    *@=.*@@@--=:                                                
0,0,0|                                     %@@@@@@@@@%                                                
0,0,0|                                -%+..*@@@@@@@@@=                                                
0,0,0|                                 -::%@@@@@@@@@@#                                                
0,0,0|                                   .%@%@@@@@@@@+:=:.                                            
0,0,0|                                    :-*@@@@@@@@%@@@@#+:                                         
0,0,0|                                    :#@@@@@@@@@@@@@@@@@%+:                                      
0,0,0|                                   #@@@@@@@@@@%##%@@@@@@@@*.                                    
1,1,1|                                   *@@@@@@@@@%-   .+%@@%#@@@=                                   
0,0,0|                                    %@@@@@@@@@@.    #@+   .::                                   
170,170,170|***********************************%@@@@@@@@@@@%#***%%******************************************
37,37,37|................................  +@@@@@@@@@@@@@@#:.............................................
0,0,0|                               .:+@@@@@@@@@@@@@@@@*                                             
1,1,1|                           .=*%@@@@@@@@@@@@@@@@@@==                                             
0,0,0|                          +@@@@@@@@@@@@@@@@@@@@@#                                               
0,0,0|                         *@@@@@@@@@@@@@@@@@@@@@@@@=                                             
0,0,0|                        -@@@@@@@@@@@@@@@@@@@@@@@@@@#                                            
0,0,0|                        *@@@@@@@@@@@@@@@@@@@@@@@@@@@-                                           
0,0,0|                        #@@@@@@@@@@@@@@@@@@@@@@@@@@@.                                           
0,0,0|                        +@@@@@@@@@@@@@@@@@@@@@@@@@%:                                            
0,0,0|                         #@@@@@@@@@@@@@@@@@@@@@@@*                                              
0,0,0|                          -#@@@@@@@@@@@@@@@@@@@+:                                               
0,0,0|                            .:-++**#@@@#*++@@@@-                                                
0,0,0|                                   -@@@    +@@#:                                                
0,0,0|                                   #@@@.                                                        
0,0,0|                                   +@@@=                                                        
0,0,0|                                    +#*                                                         
0,0,0|                                                                                                
0,0,0|                                                                                                
0,0,0|                                                                                                
255,255,255|