0,0,0|                                +@@@*                                                           
0,0,0|                                .%@@@.                                                          
0,0,0|                                 .@@@*                                                          
0,0,0|                                  :@@@.                                                         
0,0,0|                                   +@@*                                                         
0,0,0|                                   .@@@:                                                        
0,0,0|                                    %@@#                                                        
0,0,0|                                    *@@@-                                                       
0,0,0|                                    =@@@%                                                       
0,0,0|                                    .@@@@+                                                      
0,0,0|                                     -@@@@.                                                     
0,0,0|                                      #@@@#                                                     
0,0,0|                                      :@@@@- .+-+##: ..           ....                          
3,3,3|                                       *@@@% =@@@@@@%#%=  .   -+*%@@@@%*-.                      
0,0,0|                                       .@@@@%%@@@@@@@@@#-#@@#%@@@@@@@@@@@@#-                    
66,66,66|::--===-::...     .::-======------::::::#@@@@@@@@@@@@@@@@@@@@@@@@@@@@@@@@@@@=..::::::::-----====
255,255,255|@@@@@@@@@@@@@@@@@@@@@@@@@@@@@@@@@@@@@@@@@@@@@@@@@@@@@@@@@@@@@@@@@@@@@@@@@@@@@@@@@@@@@@@@@@@@@@@@
140,140,140|+=-::..:-=+*##%@@@@@@@@@@%##**++===--:::::*@@@@@@@@@@@@@@@@@@@@@%@@@@@@@@@%-..::-==++++=----==++
0,0,0|                ..:--::.                  :@@@@@@@@@@@@@@@@@@@@@+.:-+*###+.                     
4,4,4|                                          .@@@@@@@@@@@@@@@@@@@@%+                               
0,0,0|                                           *@@@@@@@@@@@@@@@@@%+:                                
0,0,0|                                          .+@@@@@@@@@@@@@@@@#.                                  
0,0,0|                                       .=#@@@@@@@@@@@@@@@@@@@%*.                                
0,0,0|                                      =%@@@@@@@@@@@@@@@@@@@@%@%:                                
0,0,0|                                    .*@@@@@@@@@@@@@@@@@@@@@@=.                                  
0,0,0|                                    =@@@@@@@@@@@@@@@@@@@@@@@@*.                                 
0,0,0|                                    -@@@@@@@@@@@@@@@@@@@@@@@@@@=                                
0,0,0|                                     #@@@@@@@@@@@@@@@@@@@@@@@@@@-                               
0,0,0|                                      +@@@@@@@@@@@@@@@@@@@@@@@@@#                               
0,0,0|                                       -%@@@@@@@@@@@@@@@@@@@@@@@#                               
0,0,0|                                         *@@@@@@@@@@@@@@@@@@@@@@+                               
0,0,0|                                          :#@@@@@@@@@@@@@@@@@@@*.                               
0,0,0|                                            :+#@@@@@@@@@@@@@@@@+..                              
0,0,0|                                                .#@@@@%++==-:+@@%=                              
0,0,0|                                                 =@@@@@.    .++@%                               
0,0,0|                                                  #@@@@:       -@*                              
255,255,255|