0,0,0|                                                                                                
0,0,0|                                                                                                
0,0,0|                                                                                                
0,0,0|                                                                                                
0,0,0|                                                                                                
0,0,0|                                                                                                
0,0,0|                                          :--:                                                  
0,0,0|                                          %@@@+   -++**+=:                                      
0,0,0|                                        =:=@@*. =@@@@@@@@@@#=:                                  
0,0,0|                                        #@@@@%%@@@@@@@@@+.:=**=.                                
0,0,0|                                         .+#@@@@@@@@@@@@+.                                      
0,0,0|                                            .=%@@@@@@@@@@@@@%+:                                 
0,0,0|                                              .-@@@@@@@@@@@@@@@*+-.                             
0,0,0|                                            =%@#-=+@@@@@@@@@@@@@@@@%:                           
0,0,0|                                            *@@@- -@@@@@@@@@@@@%+*+-.                           
0,0,0|                                              .*@*@@@@@@@%-::.:.                                
0,0,0|                                               :@@@@@@@@@@+  -+#@%                              
0,0,0|                                                %@@@@@@@@@@+#@@@@@                              
0,0,0|                                                .%@-:%@@@@@@@@@@@@=---::::.                     
0,0,0|                                               .%@+  :@@@@@@@@@@@#*#%@@@%%+                     
0,0,0|               ...                            :@@:  =@@@@@@@@@@@@%#**#@@%+:-=+*###%%%%###=.     
0,0,0|               *@@@@@@%##**++==---::...     .*@%  =%@@@@@@@@@@@@@@@@@@@@@@@@@@@@@@@@@@@@@@%:    
0,0,0|                -++**%@@@@@@@@@@@@@@@@@@@@@@@@@@#@@@@@@@@@@@@@@@@@@@@@@@@@@@@@@@@@@@@@@@@@@@#+: 
0,0,0|                      **-.:-+*#%@@%#%*---===+*+%@@@@@@@@@@@@@@@@@@@@@@@@@@@@@@@@@@@@@@@@@@@@@@%=
0,0,0|                                 .::-:         =@@@@@@@@@@@@@@@*:::+#@@@@@@@@@@@@@@@@@@@@@@@@@@+
0,0,0|                                                ::::... ..#@@@@%     .:=*#%%@@@@@@@@@@@@@@@@%@%=
0,0,0|                                                          *@++@@*            ..:-=+*%%@@@@#-... 
1,1,1|                                                          .-  =*:                    :--==-     
22,22,22|                                                                                                
1,1,1|                                                                                                
0,0,0|                                                                                                
0,0,0|                                                                                                
0,0,0|                                                                                                
0,0,0|                                                                                                
0,0,0|                                                                                                
0,0,0|                                                                                                
255,255,255|