0,0,0|                                                                                                
0,0,0|                                                                                                
0,0,0|                                                                                                
0,0,0|                                                                                                
0,0,0|                                                                                                
0,0,0|                                                                                                
0,0,0|                                                                                                
0,0,0|                                          =#*-.   .---:.                                        
0,0,0|                                         -%@@@: -%@@@@@@@*-.                                    
6,6,6|                                         *@@@@%%@@@@@@@=:=**=                                   
3,3,3|                                          :+#@@@@@@@@@@=.                                       
0,0,0|                                              -*@@@@@@@@@@%*:                                   
0,0,0|                                             :==*%@@@@@@@@@@@%*+-                               
0,0,0|                                            -@@@  *@@@@@@@@@@@@@*.                              
0,0,0|                                             .:##+@@@@@@@%%##:                                  
7,7,7|                                               :@@@@@@@@@. =*##                                 
1,1,1|                                                *@@%@@@@@%*@@@@.                                
0,0,0|                                                =@* =@@@@@@@@@@*++==--:                         
0,0,0|                                               +@+  =@@@@@@@@@#+**#%%%= ..:--=-=--:.            
0,0,0|                   .#%##**+=--:::...         :#@: =%@@@@@@@@@@@@%%%%%##%@@@@@@@@@@@@+           
1,1,1|                    -*##%@@@@@@@@@@%@@@@%%%%%@@@*@@@@@@@@@@@@@@@@@@@@@@@@@@@@@@@@@@@@#+-        
1,1,1|                         =#=:-+#%%%%=----===+++%@@@@@@@@@@@@@@@@@@@@@@@@@@@@@@@@@@@@@@@@=       
0,0,0|                                 .-=+*-        -%%%%##*%%@@@@*-==*%@@@@@@@@@@@@@@@@@@@@@+       
0,0,0|                                                        :@@@@%     .:-=+**#%@@@@@@@@@***-       
0,0,0|                                                         %+:%%.              .:=+*#*-           
0,0,0|                                                                                                
0,0,0|                                                                                                
0,0,0|                                                                                                
0,0,0|                                                                                                
0,0,0|                                                                                                
0,0,0|                                                                                                
0,0,0|                                                                                                
0,0,0|                                                                                                
0,0,0|                                                                                                
0,0,0|                                                                                                
0,0,0|                                                                                                
255,255,255|