0,0,0|                                                                                                
0,0,0|                                                                                                
0,0,0|                                                                                                
0,0,0|        .:::-:.                                                                                 
1,1,1|        :-=*%%*-:.                     .:.                                                      
0,0,0|        .-=*@@@%*-:.                ...-+=:..                                                   
27,27,27|..::---=+**%@@@@@@@@@@@%%%%%%%%%%####**%%*=:.                                                   
25,25,25| :-=*%@@@@@@@@@@@@@@@@@@@@@@@@@@@@@@@@@@@@@%+-:.                                                
0,0,0|    .:=+#%@@@@@@@@@@@@@@@@@@@@@@@@@@@@@@@@@@%+-.                                                
2,2,2|     :-=+#@@@@@@@@@@@@@@@@@@@@@@@@@@@@@@@@@@@@%*=-:.                                            
0,0,0|  .:-+*%@@@@@@@@@@@@@@@@@@@@@@@@@@@@@@@@@@@@%#+-:.                                              
43,43,43|.-=+#%@@@@@@@@@@@@@@@@@@@@@@@@@@@@@@@@@@@@@@@%*=:.                                              
29,29,29|...:-===+*#%%@@@@@@@@@@@@@@@@@@@@@@@@@@@%%#*+=-..                                               
0,0,0|          .-=*%@@@@@@@@@@@@@@@@@@@@@@@@%*-.                                                     
1,1,1|         .:==*%@@@@@@@@@@@@@@@@@@@@@@@@@*=:.                                                    
0,0,0|          :-=*%@@@@@@@@@@@@@@@@@@@@@@@@%*-:.                                                    
0,0,0|         .:==*%@@@@@@@@@@@@@@@@@@@@@@@@#=-.                                                     
0,0,0|         .:==*%@@@@@@@@@@@@@@@@@@@@@@@%+-:.                                                     
0,0,0|         .:==*%@@@@@@@@@@@@@@@@@@@@@@@#=:..                                                     
0,0,0|         .-==*%@@@@@@@@@@@@@@@@@@@@@@@#=-:.                                                     
0,0,0|         .-==*%@@@@@@@@@@@@@@@@@@@@@@@#=-:.                                                     
0,0,0|         .:=+*%@@@@@@@@@@@@@@@@@@@@@@@#+-:.                                                     
0,0,0|          :-=*%@@@@@@@@@@@@@@@@@@@@@@@#+-:.                                                     
0,0,0|        :-+*#%@@@@@@@@@@@@@@@@@@@@@@@@%+-:.                                                     
4,4,4|  .:=+#%@@@@@@@@@@@@@@@@@@@@@@@@@@@@@@@@%*=:.                                                   
77,77,77|-=+#%@@@@@@@@@@@@@@@@@@@@@@@@@@@@@@@@@@@@@%*-:.                                                 
101,101,101|-+#@@@@@@@@@@@@@@@@@@@@@@@@@@@@@@@@@@@@@@@@%*-:.                                                
151,151,151|+#@@@@@@@@@@@@@@@@@@@@@@@@@@@@@@@@@@@@@@@@@@#+-:.                                               
214,214,214|%@@@@@@@@@@@@@@@@@@@@@@@@@@@@@@@@@@@@@@@@@@@%*=:.                                               
219,219,219|%@@@@@@@@@@@@@@@@@@@@@@@@@@@@@@@@@@@@@@@@@@@%*=:.                                               
219,219,219|%@@@@@@@@@@@@@@@@@@@@@@@@@@@@@@@@@@@@@@@@@@@#+-:.                                               
220,220,220|%@@@@@%#*+++*%@@@@@@@@@@@@@@@@@@@@@@@@@@@@%*=:.                                                 
219,219,219|%@%*+-:..:-=*%@@@@@@@@@@@@@@@@@@@@@@@@@@@@#+-:.                                                 
218,218,218|%@%*=-::::=+*%@@@@@@@@@@@@@@@@@@@@@@@@@@@%*=:..                                                 
218,218,218|%@@%*=-::-=+*%@@@@@@@@@@@@@@@@@@@@@@@@@@@%+-:.                                                  
212,212,212|%@@@#*=--==+#%@@@@@@@@@@@@@@@@@@@@@@@@@@@%*-:..                                                 
255,255,255|