0,0,0|                                                                                                
0,0,0|                                                                                                
0,0,0|                                                                                                
0,0,0|                                                                                                
0,0,0|                                   .:-=++******+=-:.                                            
0,0,0|                           .... .-*%@@@@@@@@@@@@@@%#+-:                                         
0,0,0|                         ......:*@@@@@@@@@@@@@@@@@@@%#+-.                                       
0,0,0|                         .   .-*@@@@@@@@@@@@@@@@@@@@@@%#+-:.                                    
0,0,0|                       ....-+*%@@@@@@@@@@@@@@@@@@@@@@@@@%*=-:.                                  
0,0,0|                      ....-+++#@@@@@@@@@@@@@@@@@@@@@@@@@%#+-:.                                  
0,0,0|                      ....:+##%@@@@@@@@@@@@@@@@@@@@@@@@@%*=-.                                   
0,0,0|                     ..... .=#@@@@@@@@@@@@@@@@@@@@@@@@@%*+-.                                    
0,0,0|                     .....:=*%@@@@@@@@@@@@@@@@@@@@@@@@@@%#+=:.                                  
0,0,0|                   ......:*@@@@@@@@@@@@@@@@@@@@@@@@@@@@@@%*+-.                                  
0,0,0|                     .....:=*%%@@@@@@@@@@@@@@@@@@@@@@@@%*=:.                                    
0,0,0|                       ..    .:=%@@@@@@@@@@@@@@@@@@@@@@#*=:.                                    
0,0,0|                        .......=%@@@@@@@@@@@@@@@@@@@@@@%*=-.                                    
0,0,0|                        ......:+%@@@@@@@@@@@@@@@@@@@@@@%*+-.                                    
0,0,0|                        ......:+%@@@@@@@@@@@@@@@@@@@@@@%#+-:                                    
0,0,0|                        ....  .+%@@@@@@@@@@@@@@@@@@@@@@%#+-:                                    
0,0,0|                       ..   :=*%@@@@@@@@@@@@@@@@@@@@@@@%#*=:.                                   
0,0,0|                    ......-*%@@@@@@@@@@@@@@@@@@@@@@@@@@@#*=:.                                   
0,0,0|                        :*@@@@@@@@@@@@@@@@@@@@@@@@@@@@@@%#+-:.                                  
0,0,0|                  .-**++#@@@@@@@@@@@@@@@@@@@@@@@@@@@@@@@@@#*=:.                                 
5,5,5|            ......:*@@@@@@@@@@@@@@@@@@@@@@@@@@@@@@@@@@@@@@%#*=:.                                
6,6,6|           .......:*%@@@@@@@@@@@@@@@@@@@@@@@@@@@@@@@@@@@@@@%*=-.                                
8,8,8|             .....-#@@@@@@@@@@@@@@@@@@@@@@@@@@@@@@@@@@@@@@@%*=:.                                
9,9,9|                ..=%@@@@@@@@@@@@@@@@@@@@@@@@@@@@@@@@@@@@@@@%#+-:                                
10,10,10|                .:*@@@@@@@@@%%@@@@@@@@@@@@@@@@@@@@@@@@@@@@@%#+-:.                               
10,10,10|                 .-#@@@@@@%#*#@@@@@@@@@@@@@@@@@@@@@@@@@@@@%#*=:.                                
8,8,8|                  .-#@@@@@@#*#%@@@@@@@@@@@@@@@@@@@@@@@@@@@@%*+-:.                               
4,4,4|                   .=#@@@@@%#*%@@@@@@@@@@@@@@@@@@@@@@@@@@@%*+-:                                 
2,2,2|                    .=%@@@@%%#%@@@@@@@@@@@@@@@@@@@@@@@@@@@#+=:.                                 
1,1,1|                     .=%@@@@%#%@@@@@@@@@@@@@@@@@@@@@@@@@@@%*=-.                                 
1,1,1|                      .=%@@@@@@@@@@@@@@@@@@@@@@@@@@@@@@@@@%#+-.                                 
0,0,0|                   ....:+%@@@@@@@@@@@@@@@@@@@@@@@@@@@@@@@@%#+-.                                 
255,255,255|