106,104,107|=                                                                                               
140,138,141|+.                                                                                              
184,181,184|#:                                                                                              
244,243,244|@%#####**++==--:..:==.                                                                          
255,255,255|@@@@@@@@@@@@@@@@@@%%%=                                                                          
254,254,254|@@@@@@@@@@@@@@@@@@@@@@%%%#+:                                                                    
255,255,255|@@@@@@@@@@@@@@@@@@@@@@@@@@@@*:                                                                  
255,255,255|@@@@@@@@@@@@@@@@@@@@@@@@@@@@@%=                                                                 
255,255,255|@@@@@@@@@@@@@@@@@@@@@@@@@@@@@@#:                                                                
255,255,255|@@@@@@@@@@@@@@@@@@@@@@@@@@@@@@#:                                                                
255,255,255|@@@@@@@@@@@@@@@@@@@@@@@@@@@@@@*-.                                                               
255,255,255|@@@@@@@@@@@@@@@@@@@@@@@@@@@@@@%%#+:                                                             
255,255,255|@@@@@@@@@@@@@@@@@@@@@@@@@@+.                                                                    
255,255,255|@@@@@@@@@@@@@@@@@@@@@@@@@@*.                                                                    
255,255,255|@@@@@@@@@@@@@@@@@@@@@@@@@@*.                                                                    
255,255,255|@@@@@@@@@@@@@@@@@@@@@@@@@@=                                                                     
255,255,255|@@@@@@@@@@@@@@@@@@@@@@@@%+.                                                                     
255,255,255|@@@@@@@@@@@@@@@@@@@@@@*==.                                                                      
255,255,255|@@@@@@@@@@@@@@@@@@@@@#:                                                                         
255,255,255|@@@@@@@@@@@@@@@@@@@@@+                                                                          
255,255,255|@@@@@@@@@@@@@@##%@@@@=                                                                          
255,255,255|@@@@@@@@@@@@@@@@@@@@%=                                                                          
255,255,255|@@@@@@@@@@@@@@@@@@@@%=                                                                          
255,255,255|@@@@@@@@@@@@@@@@@@@@%-                                                                          
255,255,255|@@@@@@@@@@@@@@@@@@@@%-                                                                          
255,255,255|@@@@@@@@@@@@@@@@@@@@%=                                                                          
255,255,255|@@@@@@@@@@@@@@@@@@@@@@#=.                                                                       
255,255,255|@@@@@@@@@@@@@@@@@@@@@@@@*:                                                                      
255,255,255|@@@@@@@@@@@@@@@@@@@@@@@@@+.                                                                     
255,255,255|@@@@@@@@@@@@@@@@@@@@@@@@@*.                                                                     
255,255,255|@@@@@@@@@@@@@@@@@@@@@@@@@*.                                                                     
255,255,255|@@@@@@@@@@@@@@@@@@@@@@@@@#:                                                                     
255,255,255|@@@@@@@@@@@@@@@@@@@@@@@@@+.                                                                     
255,255,255|@@@@@@@@@@@@@@@@@@@@@@@@#:                                                                      
255,255,255|@@@@@@@@@@@@@@@@@@@@@@@@%-                                                                      
255,255,255|@@@@@@@@@@@@@@@@@@@@@@@@@+.                                                                     
255,255,255|