255,255,255|@@@@@@@@@@@@@@@@@@@@@@@@@@@@@@@@@@@@@@@@@@@@@@@@@@@@@@@@@@@@@@@@@@@@@@@@@@@@@@@@@@@@@@@@@@@@@@@@
255,255,255|@@@@@@@@@@@@@@@@@@@@@@@@@@@@@@@@@@@@@@@@@@@@@@@@@@@@@@@@@@@@@@@@@@@@@@@@@@@@@@@@@@@@@@@@@@@@@@@@
255,255,255|@@@@@@@@@@@@@@@@@@@@@@@@@@@@@@@@@@@@@@@@@@@@@@@@@@@@@@@@@@@@@@@@@@@@@@@@@@@@@@@@@@@@@@@@@@@@@@@@
255,255,255|@@@@@@@@@@@@@@@@@@@@@@@@@@@@@@@@@@@@@@@@@@@@@@@@%%%###****++++++***###%%%@@@@@@@@@@@@@@@@@@@@@@@
255,255,255|@@@@@@@@@@@@@@@@@@@@@@@@@@@@@@@@@@@@%%#*+=--:..                          ..:-=++*#%@@@@@@@@@@@@@
255,255,255|@@@@@@@@@@@@@@@@@@@@@@@@@@@@%#*=-:..                                               .:-=+*#%@@@@@
255,255,255|@@@@@@@@@@@@@@@@@@@@@%#+=:.                                                                .::=+
255,255,255|@@@@@@@@@@@@@@@%#+-:.                                                                           
254,254,254|@@@@@@@@@@%#+-.                                                                                 
255,255,255|@@@@@@#+-.                                                                                      
251,251,251|@%*=:                                                                                           
42,42,42|.                                            .+%%%###%%@#-                                      
0,0,0|                                          .-#@@@@@@@@@@@@@%+:                                   
2,2,2|                                        =#@@@@@@@@@@@@@@@@@@@@#:                                
0,0,0|                                     ..+@@@@@@@@@@@@@@@@@@@@@@@#                                
0,0,0|                                    ::=%@@@@@@@@@@@@@@@@@@@@@@@@-                               
0,0,0|                                   .::#@@@@@@@@@@@@@@@@@@@@@@@@@@:                              
0,0,0|                                  .:.+@@@@@@@@@@@@@@@@@@@@@@@@@@@@.                             
0,0,0|                                  .:.=@@@@@@@@@@@@@@@@@@@@@@@@@@@#                              
0,0,0|                                  .::-+%@@@@@@@@@@@@@@@@@@@@@@@@@.                              
0,0,0|                                   .::=*@@@@@@@@@@@@@@@@@@@@@@@@+                               
0,0,0|                                    .::+@@@@@@@@@@@@@@@@@@@@@@@%                                
0,0,0|                                      ..-*%%@@@@@@@@@@@@@@@@%#=                              :+#
0,0,0|                                          ::=%@@@@@@@@@@@@#=:                            :+#@@@@
0,0,0|                                             .=***++++*#+:                          :-+#@@@@@@@@
3,3,3|                                                                              .:=*#@@@@@@@@@@@@@
0,0,0|                                                                       .:-=*#%@@@@@@@@@@@@@@@@@@
106,106,106|=--::...                                                     ..:-=+*#%@@@@@@@@@@@@@@@@@@@@@@@@@@
255,255,255|@@@@@@@@%%%##**++==---:::......           .....:::--==+**#%%@@@@@@@@@@@@@@@@@@@@@@@@@@@@@@@@@@@@
253,253,253|@@@@@@@@@@@@@@@@@@@@@@@@@@@@@@@@@%%%%%@@@@@@@@@@@@@@@@@@@@@@@@@@@@@@@@@@@@@@@@@@@@@@@@@@@@@@@@@@
255,255,255|@@@@@@@@@@@@@@@@@@@@@@@@@@@@@@@@@@@@@@@@@@@@@@@@@@@@@@@@@@@@@@@@@@@@@@@@@@@@@@@@@@@@@@@@@@@@@@@@
255,255,255|@@@@@@@@@@@@@@@@@@@@@@@@@@@@@@@@@@@@@@@@@@@@@@@@@@@@@@@@@@@@@@@@@@@@@@@@@@@@@@@@@@@@@@@@@@@@@@@@
255,255,255|@@@@@@@@@@@@@@@@@@@@@@@@@@@@@@@@@@@@@@@@@@@@@@@@@@@@@@@@@@@@@@@@@@@@@@@@@@@@@@@@@@@@@@@@@@@@@@@@
255,255,255|@@@@@@@@@@@@@@@@@@@@@@@@@@@@@@@@@@@@@@@@@@@@@@@@@@@@@@@@@@@@@@@@@@@@@@@@@@@@@@@@@@@@@@@@@@@@@@@@
255,255,255|@@@@@@@@@@@@@@@@@@@@@@@@@@@@@@@@@@@@@@@@@@@@@@@@@@@@@@@@@@@@@@@@@@@@@@@@@@@@@@@@@@@@@@@@@@@@@@@@
255,255,255|@@@@@@@@@@@@@@@@@@@@@@@@@@@@@@@@@@@@@@@@@@@@@@@@@@@@@@@@@@@@@@@@@@@@@@@@@@@@@@@@@@@@@@@@@@@@@@@@
255,255,255|