0,0,0|                                                                                                
0,0,0|                                                                                                
0,0,0|                                                                                                
0,0,0|                                                                                                
0,0,0|                                                                                                
0,0,0|                                                                                                
0,0,0|                                                                                                
0,0,0|                                          *%%=-   :----:.                                       
0,0,0|                                        .-#@@@- -%@@@@@@@#+:.                                   
6,6,6|                                        .#@@@@#%@@@@@@@*.-+*+:                                  
2,2,2|                                          :+#@@@@@@@@@@*:.                                      
0,0,0|                                             .+#@@@@@@@@@@@%+.                                  
0,0,0|                                             .--#@@@@@@@@@@@@@%#*=                              
0,0,0|                                            =@@@. +@@@@@@@@@@@@@%+.                             
0,0,0|                                             -+%*-%@@@@@@@@%#+                                  
0,0,0|                                               -@@@@@@@@@= .-+*=                                
0,0,0|                                                %@@@@@@@@%-%@@@%                                
0,0,0|                                                :@@.+@@@@@@@@@@%-::.....                        
0,0,0|                                               :@%:  %@@@@@@@@@**##%%%%+                        
0,0,0|                  .---:::.                    =@*  -%@@@@@@@@@@%#**###+=+*#%%@@@@@@%#=          
0,0,0|                  .%@@@@@@@@@%%##****++===---#@%.-%@@@@@@@@@@@@@@@@@@@@@@@@@@@@@@@@@@@*:.       
1,1,1|                    ..::*@@#%@@@@@@@##%%%@@@@@@@@@@@@@@@@@@@@@@@@@@@@@@@@@@@@@@@@@@@@@@@%+.     
2,2,2|                         :.   .:=+##++.      ..*@@@@@@@@@@@@@@%%#%@@@@@@@@@@@@@@@@@@@@@@@@-     
0,0,0|                                    .-.        .=++=--:-=%@@@@.   :=*%@@@@@@@@@@@@@@@@@@@%:     
0,0,0|                                                         %@+@@*        ..::-=+*#@@@@@%+:::      
0,0,0|                                                         := :*-                 .:-==-          
0,0,0|                                                                                                
0,0,0|                                                                                                
0,0,0|                                                                                                
0,0,0|                                                                                                
0,0,0|                                                                                                
0,0,0|                                                                                                
0,0,0|                                                                                                
0,0,0|                                                                                                
0,0,0|                                                                                                
0,0,0|                                                                                                
255,255,255|