255,255,255|@@@@@@@@@@@@@@@@@@@@@@@@@@@@@@@@@@@%#*=-:.                                                     .
255,255,255|@@@@@@@@@@@@@@@@@@@@@@@@@@@@@%#*=-.                                                             
255,255,255|@@@@@@@@@@@@@@@@@@@@@@@@%*=-.                                                                   
255,255,255|@@@@@@@@@@@@@@@@@@@%*=:.                                                                        
255,255,255|@@@@@@@@@@@@@@%#=:.                                                                             
255,255,255|@@@@@@@@@@%*=:                                                                                  
251,251,251|@@@@@@%*=.                                                                                      
255,255,255|@@@#=:                                                                                          
139,139,139|+:                                                .                                             
0,0,0|                                              .-+%@@%#+=--::                                    
4,4,4|                                         .-+*%@@@@@@@@@@@@@@@=                                  
0,0,0|                                        =@@@@@@@@@@@@@@@@@@@@@#:                                
0,0,0|                                      .+@@@@@@@@@@@@@@@@@@@@@@@@#-                              
0,0,0|                                 .::.-%@@@@@@@@@@@@@@@@@@@@@@@@@@@%.                            
0,0,0|                             .:::::.=@@@@@@@@@@@@@@@@@@@@@@@@@@@@@@:                            
0,0,0|                            .::::::+@@@@@@@@@@@@@@@@@@@@@@@@@@@@@@@:                            
0,0,0|                           .:::::.=@@@@@@@@@@@@@@@@@@@@@@@@@@@@@@@@+                            
0,0,0|                          .::::::::%@@@@@@@@@@@@@@@@@@@@@@@@@@@@@@@@:                           
0,0,0|                          .:::::::::%@@@@@@@@@@@@@@@@@@@@@@@@@@@@@@@-                           
0,0,0|                           :::::::::-@@@@@@@@@@@@@@@@@@@@@@@@@@@@@#.                            
0,0,0|                           :::::::::::#%@@@@@@@@@@@@@@@@@@@@@@@@@+                              
0,0,0|                           .:::::::::.:+=%@@@@@@@@@@@@@@@@@@@@@@#                              :
0,0,0|                             .:::::::::-==#@@@@@@@@@@@@@@@@@@@@#.                           :+%@
0,0,0|                              .::::::::::::+#%@%%@@@@@@@@@#+=-.                          :+%@@@@
0,0,0|                                  ...:..      .:::-+#%#+-.                            -+%@@@@@@@
0,0,0|                                                                                  :=#@@@@@@@@@@@
0,0,0|                                                                              :=#@@@@@@@@@@@@@@@
0,0,0|                                                                         .-+#@@@@@@@@@@@@@@@@@@@
0,0,0|                                                                    .-+#%@@@@@@@@@@@@@@@@@@@@@@@
0,0,0|                                                              .:-+#%@@@@@@@@@@@@@@@@@@@@@@@@@@@@
0,0,0|                                                        .:=+#%@@@@@@@@@@@@@@@@@@@@@@@@@@@@@@@@@@
0,0,0|                                                .:-=+*%@@@@@@@@@@@@@@@@@@@@@@@@@@@@@@@@@@@@@@@@@
1,1,1|                                      ..:-=+*#%%@@@@@@@@@@@@@@@@@@@@@@@@@@@@@@@@@@@@@@@@@@@@@@@@
0,0,0|                        ..::--=++**#%%@@@@@@@@@@@@@@@@@@@@@@@@@@@@@@@@@@@@@@@@@@@@@@@@@@@@@@@@@@
25,25,25| ....::::--===++***##%%%@@@@@@@@@@@@@@@@@@@@@@@@@@@@@@@@@@@@@@@@@@@@@@@@@@@@@@@@@@@@@@@@@@@@@@@@
195,195,195|##%%%@@@@@@@@@@@@@@@@@@@@@@@@@@@@@@@@@@@@@@@@@@@@@@@@@@@@@@@@@@@@@@@@@@@@@@@@@@@@@@@@@@@@@@@@@@@
255,255,255|