255,255,255|@@@@@@@@@@@@@@@@@@@@@@@@@@@@@@@@@@@@@@@@@@@@%#*+=--:..                          ..:--=+*#%%@@@@@
255,255,255|@@@@@@@@@@@@@@@@@@@@@@@@@@@@@@@@@@@@%#*=-:..                                              .::-=+
255,255,255|@@@@@@@@@@@@@@@@@@@@@@@@@@@@@%#*=-.                                                             
255,255,255|@@@@@@@@@@@@@@@@@@@@@@@%#+=:.                                                                   
255,255,255|@@@@@@@@@@@@@@@@@@%#+-.                                                                         
255,255,255|@@@@@@@@@@@@@@#+-.                                                                              
255,255,255|@@@@@@@@@%*=:                                                                                   
255,255,255|@@@@@%*-.                                                                                       
255,255,255|@%*-.                                                                                           
54,54,54|:                                                .-+#+-.                                        
0,0,0|                                           -=+*#@@@@@@@@%#*+=:                                  
2,2,2|                                         :#@@@@@@@@@@@@@@@@@@@+                                 
0,0,0|                                       .+@@@@@@@@@@@@@@@@@@@@@@#.                               
0,0,0|                                 ...:.=%@@@@@@@@@@@@@@@@@@@@@@@@@+                              
0,0,0|                                ::::.=@@@@@@@@@@@@@@@@@@@@@@@@@@@@@-                            
0,0,0|                              .:::::-@@@@@@@@@@@@@@@@@@@@@@@@@@@@@@-                            
0,0,0|                             .:::::.*@@@@@@@@@@@@@@@@@@@@@@@@@@@@@@                             
0,0,0|                             ::::::.+@@@@@@@@@@@@@@@@@@@@@@@@@@@@@@.                            
0,0,0|                             :::::::-%@@@@@@@@@@@@@@@@@@@@@@@@@@@@@+                            
0,0,0|                             ::::::::+@@@@@@@@@@@@@@@@@@@@@@@@@@@@@=                            
0,0,0|                             .:::::::.+*@@@@@@@@@@@@@@@@@@@@@@@@@#:                             
0,0,0|                              .:::::::-==%@@@@@@@@@@@@@@@@@@@@@@=                               
0,0,0|                               .::::::::-+@@@@@@@@@@@@@@@@@@@@%:                             :*%
0,0,0|                                 ...:::::.:=*#*#%@@@@@@@@%%%#=.                          .-*%@@@
0,0,0|                                      .       ..:-*%%#+-:.                            :+#@@@@@@@
0,0,0|                                                                                 .:+#@@@@@@@@@@@
0,0,0|                                                                             :=*%@@@@@@@@@@@@@@@
0,0,0|                                                                       .:=*#@@@@@@@@@@@@@@@@@@@@
0,0,0|                                                                 .:-+#%@@@@@@@@@@@@@@@@@@@@@@@@@
0,0,0|                                                          .:-=*#%@@@@@@@@@@@@@@@@@@@@@@@@@@@@@@@
1,1,1|                                                 ..:-=+*#%@@@@@@@@@@@@@@@@@@@@@@@@@@@@@@@@@@@@@@
0,0,0|                                    ..::--=++*#%%@@@@@@@@@@@@@@@@@@@@@@@@@@@@@@@@@@@@@@@@@@@@@@@
27,27,27|.........:::::::------===+++***##%%%@@@@@@@@@@@@@@@@@@@@@@@@@@@@@@@@@@@@@@@@@@@@@@@@@@@@@@@@@@@@
214,214,214|%%%%@@@@@@@@@@@@@@@@@@@@@@@@@@@@@@@@@@@@@@@@@@@@@@@@@@@@@@@@@@@@@@@@@@@@@@@@@@@@@@@@@@@@@@@@@@@@
255,255,255|@@@@@@@@@@@@@@@@@@@@@@@@@@@@@@@@@@@@@@@@@@@@@@@@@@@@@@@@@@@@@@@@@@@@@@@@@@@@@@@@@@@@@@@@@@@@@@@@
253,253,253|@@@@@@@@@@@@@@@@@@@@@@@@@@@@@@@@@@@@@@@@@@@@@@@@@@@@@@@@@@@@@@@@@@@@@@@@@@@@@@@@@@@@@@@@@@@@@@@@
255,255,255|