255,255,255|@@@%*+-:..                                                                                      
255,255,255|@@@@@@*-.                                                                                       
246,246,246|@%#**#*+=:                                                                                      
239,239,239|@%*=:.:=**+:                                                                                    
255,255,255|@@@@@%%@@@%**+-.                                                                                
254,254,254|@@@@@@@@@%%%@%*=:                                                                               
255,255,255|@@@@@@@@@%*==+#%*=:                                                                             
255,255,255|@@@@@@@@@%+- .-+#%*=:                                                                           
255,255,255|@@@@@@@@@@#=.  .-+#%#=:                                                                         
255,255,255|@@@@@@@@@@#=.    .-+%%#=:                                                                       
255,255,255|@@@@@@@@@#-.       .-*%%#+-.                                                                    
255,255,255|@@@@@@@%+:           .-*%@%+-.                                                                  
255,255,255|@@@@@@@@%#*=:          .=*%@%+-.                                                                
255,255,255|@@@@@@@@@@@%*-.          :=*@@%+-.                                                              
255,255,255|@@@@@@@@@@@@%*-.           :+#@@#+-.                                                            
255,255,255|@@@@@@@@@@@@@%*=.           .-*%@@*=.                                                           
255,255,255|@@@@@@@@@@@@@@@@%##**********##%@@@%%#******************************************-               
255,255,255|@@@@@@@@@@@@@@@@@@@#+-:........-*%@@#+:.........................................                
255,255,255|@@@@@@@@@@@@@@@@@@@@%*-         -+%@%=.                                                         
255,255,255|@@@@@@@@@@@@@@@@@@@@@%+:        .-*@%=.                                                         
254,254,254|@@@@@@@@@@@@@@@@@@@@@%+:         :+#*:                                                          
255,255,255|@@@@@@@@@@@@@@@@@@@@@%*-         .--.                                                           
208,208,208|%*++*#%%@@@@%%####%#*=:                                                                         
205,205,205|%*-.   ...:..                                                                                   
255,255,255|@%+-                                                                                            
253,253,253|@@%%*=:                                                                                         
233,233,233|@%@@%=.                                                                                         
169,169,169|*%@@#=:.                                                                                        
215,215,215|%@@#++=:                                                                                        
160,160,160|*+.                                                                                             
0,0,0|                                                                                                
2,2,2|                                                                                                
0,0,0|                                                                                                
0,0,0|                                                                                                
0,0,0|                                                                                                
0,0,0|                                                                                                
255,255,255|