0,0,0|              .-*#%@@@@@@@@+                                                                    
0,0,0|                  -%@@@#=+@%=...                                                                
0,0,0|             :++-:+@@@@@%%@@@@@*.                                                               
0,0,0|             +@@@@@@@@@@@@@@@@@@*:                                                              
0,0,0|             :#@@@@@@@@@@@@@@@@@@@*:                                                            
0,0,0|             =%@@@@@@@@@@@@@@@@#+#@@*:                                                          
0,0,0|             =%@@@@@@@@@@@@@@@@+  -#@@*:                                                        
0,0,0|             :#@@@@@@@@@%%%%#*=.    -#@@*:                                                      
0,0,0|             -%@@@@@@%=               -#@@#-                                                    
1,1,1|      :=+**++#@@@@@@@@+.                =%@@#-                                                  
2,2,2|   .+%@@@@@@@@@@@@@@@@@%#+-               =%@@#-                                                
0,0,0|  -%@@@@@@@@@@@@@@@@@@@@@@@%*+**##%%#*+=-  .*@@@#:                                              
4,4,4| -%@@@@@@@@@@@@@@@@@@@@@@@@@@@@@@@@@@@@@@%+  =%@@%=                                             
57,57,57|:#@@@@@@@@@@@@@@@@@@@@@@@@@@@@@@@@@@@@@@@%+.  :#@@@+.                                           
123,123,123|=@@@@@@@@@@@@@@@@@@@@@@@@@@@@@@@@@@@@@@@@*.    :#@@@=                                           
156,156,156|*@@@@@@@@@@@@@@@@@@@@@@@@@@@%@@@@@@@@@%#=.      .#@@*.                                          
228,228,228|%@@@@@@@@@@@@@@@@@@@@@@@@@@%#%@@@@@@@@%#*********%@@%#**********************************-       
116,116,116|=%@@@@@@@@@@@@@@@@@@@@@@@@@@@=.   .:.............:*%-...................................        
5,5,5| -#@@@@@@@@@@@@@@@@@@@@@@@@@@%-                   ::                                            
1,1,1|   =#@@@@@@@@@@@@@@@@@@@@@@@@@%-                                                                
2,2,2|     :+#%@@@@@@@@@@@@@@@@@@%#*+:                                                                
0,0,0|         .:-=#@@@@%###@@@#:                                                                     
0,0,0|              :*@@%=:+@@@+                                                                      
0,0,0|                :*@@@@@@@#:                                                                     
0,0,0|                 .*@@@%#%@*.                                                                    
0,0,0|                 =@@@@%+:                                                                       
0,0,0|                .*@@%=::                                                                        
0,0,0|                 :=+:                                                                           
0,0,0|                                                                                                
0,0,0|                                                                                                
0,0,0|                                                                                                
0,0,0|                                                                                                
0,0,0|                                                                                                
0,0,0|                                                                                                
0,0,0|                                                                                                
0,0,0|                                                                                                
255,255,255|