0,0,0|                                                                                                
0,0,0|                                                                                                
0,0,0|                                                                                                
0,0,0|                                                                                                
12,12,12|                                                                                                
25,25,25| .....                                                                                          
21,21,21|   ...                                                                                          
19,19,19|  ...........                                                                                   
19,19,19|  ........                                                                                      
20,20,20|  ......                                                                                        
22,22,22|  ....                                                                                          
22,22,22|  ....                                                                                          
22,22,22|  .....                                                                                         
21,21,21|  .....                                                                                         
20,20,20|  .....                                                                                         
19,19,19|   .....                                                                                        
19,19,19|   .....                                                                                        
19,19,19|   .....                                                                                        
19,19,19|   .....                                                                                        
19,19,19|   .....                                                                                        
19,19,19|   .....                                                                                        
19,19,19|   .....                                                                                        
20,20,20|  .......                                                                                       
20,20,20|  .........                                                                                     
20,20,20|  ...........                                                                                   
20,20,20|  ...........                                                                                   
20,20,20|  ...........                                                                                   
20,20,20|  ...........                                                                                   
20,20,20|  ...........                                                                                   
20,20,20|  ...........                                                                                   
20,20,20|  ...........                                                                                   
20,20,20|  ...........                                                                                   
20,20,20|  ............                                                                                  
20,20,20|  ............                                                                                  
20,20,20|  .............                                                                                 
20,20,20|  .............                                                                                 
255,255,255|