0,0,0|                                .@@@:                                                           
0,0,0|                                 +@@+                                                           
0,0,0|                                  #@@.                                                          
0,0,0|                                  .@@*                                                          
0,0,0|                                   -@@:                                                         
0,0,0|                                    %@%                                                         
0,0,0|                                    *@@-                                                        
0,0,0|                                    -@@%                                                        
0,0,0|                                     %@@=                                                       
0,0,0|                                     =@@@                                                       
0,0,0|                                      %@@+                                                      
0,0,0|                                      :@@@.                                                     
0,0,0|                                       *@@#  =#=+%#:... .  .:=+#%%%%#=:                         
2,2,2|                                       .@@@- #@@@@@@%%%%@%#%@@@@@@@@@@@%=                       
0,0,0|                                        *@@@%@@@@@@@@@@@@@@@@@@@@@@@@@@@@#                      
35,35,35|....:::....        ..::::::::...........-@@@@@@@@@@@@@@@@@@@@@@@@@@@@@@@@*...... ........:::::::
255,255,255|@@@@@@@@@@@@@@@@@@@@@@@@@@@@@@@@@@@@@@@@@@@@@@@@@@@@@@@@@@@@@@@@@@@@@@@@@%%@@@@@@@@@@@@@@@@@@@@@
80,80,80|-::.....::-==++**##%%##**+++===---:::::...+@@@@@@@@@@@@@@@@@@@*-=+*###*=........::-----:::::::--
0,0,0|                                          .@@@@@@@@@@@@@@@@@@%-                                 
3,3,3|                                           *@@@@@@@@@@@@@@@%+:                                  
0,0,0|                                           -@@@@@@@@@@@@@@*.                                    
0,0,0|                                      .-+#%@@@@@@@@@@@@@@@@%+                                   
0,0,0|                                     =%@@@@@@@@@@@@@@@@@@@@@%.                                  
0,0,0|                                   .#@@@@@@@@@@@@@@@@@@@@@=.                                    
0,0,0|                                   *@@@@@@@@@@@@@@@@@@@@@@@+.                                   
0,0,0|                                   #@@@@@@@@@@@@@@@@@@@@@@@@@=                                  
0,0,0|                                   -@@@@@@@@@@@@@@@@@@@@@@@@@@=                                 
0,0,0|                                    -@@@@@@@@@@@@@@@@@@@@@@@@@@.                                
0,0,0|                                     :@@@@@@@@@@@@@@@@@@@@@@@@@-                                
0,0,0|                                      .#@@@@@@@@@@@@@@@@@@@@@@%.                                
0,0,0|                                        +@@@@@@@@@@@@@@@@@@@@%:                                 
0,0,0|                                         .+%@@@@@@@@@@@@@@@@@#=-                                
0,0,0|                                            .-==#@@@@%##*++#@@%=                                
0,0,0|                                                =@@@@%    .==@%                                 
0,0,0|                                                .%@@@@+      :@#                                
0,0,0|                                                 :*%@@%       =@*                               
255,255,255|