0,0,0|   .+#%@@@@@%###+:                                                                              
0,0,0|   .:.-+%@@#=::-=+=:                                                                            
0,0,0|      .+%@@@#+::+%@#+=-:                                                                        
0,0,0|  .=##%@@@@@@@@@@@@%%@#=.                                                                       
0,0,0|  :*%@@@@@@@@@@@@@@%%#%%*=.                                                                     
0,0,0|   .=#@@@@@@@@@@@@@%+--+%%*=.                                                                   
0,0,0|    -*%@@@@@@@@@@@@@*-  -+%%#=:                                                                 
0,0,0|     -+%@@@@@@@@@@@@*:    -+%%#=:                                                               
0,0,0|      :*@@@@@@@@@@%+:      .-+%@#+:                                                             
1,1,1|     :*@@@@@@@@#-            .-*%@%+:                                                           
0,0,0|   .+@@@@@@@@@@#+-:.           .-*%@%+-.                                                        
11,11,11| :+%@@@@@@@@@@@@@@%*-.           .=*%@%+-.                                                      
227,227,227|%@@@@@@@@@@@@@@@@@@@#+:            :=#@@#+-                                                     
255,255,255|@@@@@@@@@@@@@@@@@@@@@@%*=-:.        .-*%@@#=.                                                   
253,253,253|@@@@@@@@@@@@@@@@@@@@@@@@@@@%#+-.      :+%@@#+:                                                  
255,255,255|@@@@@@@@@@@@@@@@@@@@@@@@@@@@@@%+:      .=#@@#=.                                                 
255,255,255|@@@@@@@@@@@@@@@@@@@@@@@@@@@@@@@@%#******#%@@@%#************************************+.           
254,254,254|@@@@@@@@@@@@@@@@@@%%@@@@@@@@@@@@@*-......-+%@*-.....................................            
255,255,255|@@@@@@@@@@@@@@@@@%#**%@@@@@@@@@%*:        -*#-                                                  
239,239,239|@@@@@@@@@@@@@@@@@@#+::+#@@@%#*=:          :-:                                                   
130,130,130|+#@@@@@@@@@@@@@@@@@#=. .:::                                                                     
24,24,24| :+#%#*+*%@%#*+*+++=:                                                                           
0,0,0|   :+%%#*#%#+-.                                                                                 
1,1,1|    .=*%@@@@@@*-                                                                                
0,0,0|      =#@@@@@%=.                                                                                
0,0,0|     :*@@@@@@@#+:                                                                               
0,0,0|    .=%@@@@#====:                                                                               
0,0,0|     :::...                                                                                     
0,0,0|                                                                                                
0,0,0|                                                                                                
0,0,0|                                                                                                
0,0,0|                                                                                                
0,0,0|                                                                                                
0,0,0|                                                                                                
0,0,0|                                                                                                
0,0,0|                                                                                                
255,255,255|