0,0,0|       .-++*@@@@%++#*-                                                                          
0,0,0|           .*@@@*: .*%*-                                                                        
0,0,0|       :==-+@@@@@%**%@@@##+.                                                                    
0,0,0|      :#@@@@@@@@@@@@@@@@@@%+.                                                                   
0,0,0|       :+@@@@@@@@@@@@@@@#*%@%+:                                                                 
0,0,0|        +@@@@@@@@@@@@@@@#-.=%@%+:                                                               
0,0,0|        -#@@@@@@@@@@@@@@%-  .=%@%+:                                                             
0,0,0|         -#@@@@@@@@@@@@@+.    .=%@@*:                                                           
0,0,0|         :#@@@@@@@#=-::         .+%@@*:                                                         
3,3,3|       .+@@@@@@@@@*.              :+%@@*-                                                       
0,0,0|  .-=+*%@@@@@@@@@@@%#+:             :+@@@*-                                                     
132,132,132|+%@@@@@@@@@@@@@@@@@@@@@*:             -*@@@*-                                                   
255,255,255|@@@@@@@@@@@@@@@@@@@@@@@@@#*+==-:.      .=%@@%+:                                                 
253,253,253|@@@@@@@@@@@@@@@@@@@@@@@@@@@@@@@@@#=.     -#@@@*-                                                
255,255,255|@@@@@@@@@@@@@@@@@@@@@@@@@@@@@@@@@@@#=.    :*@@@#-                                               
255,255,255|@@@@@@@@@@@@@@@@@@@@@@@@@@@@@@@@@@@@@*:    .+@@@+.                                              
255,255,255|@@@@@@@@@@@@@@@@@@@@@@@@@@@@@@@@@@@@@%#*****#@@@%#***********************************-          
253,253,253|@@@@@@@@@@@@@@@@@@@@@#=-+%@@@@@@@@%*:........=%@+:...................................           
255,255,255|@@@@@@@@@@@@@@@@@@@@@@*:  :+#%@#+:           :*+.                                               
124,124,124|=*%@@@@@@@@@@@@@@@@@@@@*:                    ..                                                 
0,0,0|   :=#@@@@@@@@@@@@@@@@@#=                                                                       
2,2,2|      -*@@%+=+%@%*=:...                                                                         
0,0,0|        -#@%+=*%@@*:                                                                            
0,0,0|         .=%@@@@@@*.                                                                            
0,0,0|          -%@@@@@@%=.                                                                           
0,0,0|         :*@@@@@%##*-                                                                           
0,0,0|         :#@#-.                                                                                 
0,0,0|          ..                                                                                    
0,0,0|                                                                                                
0,0,0|                                                                                                
0,0,0|                                                                                                
0,0,0|                                                                                                
0,0,0|                                                                                                
0,0,0|                                                                                                
0,0,0|                                                                                                
0,0,0|                                                                                                
255,255,255|