0,0,0|                                #@@@%                                                  ......   
0,0,0|                                -@@@@-                                                         .
0,0,0|                                 -@@@#                                                          
0,0,0|                                  =@@@=                                                         
0,0,0|                                   +@@%.                                                        
0,0,0|                                   :@@@+                                                        
0,0,0|                                   .@@@@:                                                       
0,0,0|                                    %@@@*                                                       
0,0,0|                                    %@@@@:                                                      
0,0,0|                                    =@@@@%                                                      
0,0,0|                                     #@@@@=                                                     
0,0,0|                                     .@@@@@.                                                    
0,0,0|                                      =@@@@*  :.-++.                                            
4,4,4|                                       %@@@@-.%@@@@%**#-            .::.                        
0,0,0|                                       -@@@@@#@@@@@@@@@@.   .::.:+#%@@@@@#=:                    
89,89,89|--==++++=--::.. ..:-=+****+++++========+@@@@@@@@@@@@@@@@*++%@@@@@@@@@@@@@@@@%=:::::---====++++**
255,255,255|@@@@@@@@@@@@@@@@@@@@@@@@@@@@@@@@@@@@@@@@@@@@@@@@@@@@@@@@@@@@@@@@@@@@@@@@@@@@@@@@@@@@@@@@@@@@@@@@
174,174,174|*+=-:..:=+*#%@@@@@@@@@@@@@@@%###*++===---:#@@@@@@@@@@@@@@@@@@@@@@@@@@@@@@@@@@@+-=++*##*++==++***
0,0,0|              .:-=+**+=-::.               =@@@@@@@@@@@@@@@@@@@@@@@@%@@@@@@@@@*                  
2,2,2|                                          -@@@@@@@@@@@@@@@@@@@@@@@#..-=+*##*=.                  
0,0,0|                                          .@@@@@@@@@@@@@@@@@@@@@@@*                             
0,0,0|                                           #@@@@@@@@@@@@@@@@@@@%*-                              
0,0,0|                                           #@@@@@@@@@@@@@@@@@@#:                                
0,0,0|                                        .+%@@@@@@@@@@@@@@@@@@@@@%:                              
0,0,0|                                       =%@@@@@@@@@@@@@@@@@@@@@%@%-                              
0,0,0|                                      +@@@@@@@@@@@@@@@@@@@@@@@-                                 
0,0,0|                                     .%@@@@@@@@@@@@@@@@@@@@@@@@#.                               
0,0,0|                                     .%@@@@@@@@@@@@@@@@@@@@@@@@@@-                              
0,0,0|                                      -@@@@@@@@@@@@@@@@@@@@@@@@@@@:                             
0,0,0|                                       .#@@@@@@@@@@@@@@@@@@@@@@@@@=                             
0,0,0|                                         -%@@@@@@@@@@@@@@@@@@@@@@@=                             
1,1,1|                                           +@@@@@@@@@@@@@@@@@@@@@@-                             
6,6,6|                                            .=%@@@@@@@@@@@@@@@@@@=                              
0,0,0|                                               :+@@@@@@@@@@@@@%@@+                              
0,0,0|                                                 -@@@@@#-----..=@@#+                            
0,0,0|                                                  +@@@@#      :+*@#                             
255,255,255|