0,0,0|                                                                                                
0,0,0|                                                                                                
0,0,0|                                                                                                
0,0,0|                                                                                                
0,0,0|                                                                                                
0,0,0|                                                                                                
0,0,0|                                                                                                
0,0,0|                                                                                                
0,0,0|                                                                                                
0,0,0|                                                                                                
0,0,0|                                                                                                
0,0,0|                                                                                         :-:    
0,0,0|                                                                                       .-##+:.  
0,0,0|                                                                                       :#@@#-   
47,47,47|.                                                                                      :*@@+.   
140,140,140|+-.                                                                                    :*@@*:   
239,239,239|@%#*********************************************************************+               =%@%=:::
213,213,213|%@%*=:...................................................................               -#@@@@@@
121,121,121|=#%%#=:                                                                                  .=**###
46,46,46|.-*%@%*-.                                                                                       
3,3,3| .-+%@@#=:                                                                                      
7,7,7|   :+#@@%+-.                                                                                    
100,100,100|-:  :+#@@%*=.                                                                                   
218,218,218|%*=:.:+#@@@*=.                                                                                  
255,255,255|@@#+:.-+%@@%*-.                                                                                 
254,254,254|@@@*=..-*%@@#+:                                                                                 
253,253,253|@@@*-  :+#@@%+.                                                                                 
255,255,255|@@@#=. .=*@@*-                                                                                  
158,158,158|*++-.  .-*@*:                                                                                   
0,0,0|       .-+-                                                                                     
0,0,0|                                                                                                
0,0,0|                                                                                                
0,0,0|                                                                                                
0,0,0|                                                                                                
0,0,0|                                                                                               :
0,0,0|                                                                                              .+
255,255,255|