0,0,0|                                 :@:                                                            
0,0,0|                                  #%                                                            
0,0,0|                                  :@-                                                           
0,0,0|                                   *@                                                           
0,0,0|                                   .@=                                                          
0,0,0|                                    +@                                                          
0,0,0|                                     @*  =##-  .                                                
0,0,0|                                     =@#*@@@@**@%:                                              
0,0,0|                                 :=.  %@@@@@@@@@*                                               
0,0,0|                                 +%=-+@@@@@@@@@@#+=-:                                           
0,0,0|                                    +@@@@@@@@@@@@@@@@@%*=:                                      
0,0,0|                                    -%@#@@@@@@@@@@@@@@@@@@%+:                                   
0,0,0|                                       :@@@@@@@@@@@@@@@@@@@@@                                   
0,0,0|                                     .#@@@@@@@%@#--=#@@@@@@*=                                   
1,1,1|                                    :%@@@@@@@@*:     -#%%*:                                     
0,0,0|                                    =@@@@@@@@@@%.                                               
169,169,169|************************************@@@@@@@@@@@@@#**********************************************
36,36,36|..............................   .:%@@@@@@@@@@@@@@@=............................................
0,0,0|                              :=*#%@@@@@@@@@@@@@@@#-                                            
1,1,1|                           -#@@@@@@@@@@@@@@@@@@@@=                                              
0,0,0|                          *@@@@@@@@@@@@@@@@@@@@@#.                                              
0,0,0|                         +@@@@@@@@@@@@@@@@@@@@@@@@+                                             
0,0,0|                         @@@@@@@@@@@@@@@@@@@@@@@@@@#                                            
0,0,0|                        :@@@@@@@@@@@@@@@@@@@@@@@@@@@+                                           
0,0,0|                        :@@@@@@@@@@@@@@@@@@@@@@@@@@@-                                           
0,0,0|                        .@@@@@@@@@@@@@@@@@@@@@@@@@@=                                            
0,0,0|                         -@@@@@@@@@@@@@@@@@@@@@@@%:                                             
0,0,0|                          .+%@@@@@@@@@@@@@@@@@@+*%                                              
0,0,0|                             .:-=+%@@@%#**%@@@@  @+                                             
0,0,0|                                  -@@@+   :@@@#. =@.                                            
0,0,0|                                  :@@@#     :.    @*                                            
0,0,0|                                   -##-           -%.                                           
0,0,0|                                                   +=                                           
0,0,0|                                                   .=.                                          
0,0,0|                                                    .:                                          
0,0,0|                                                                                                
255,255,255|