0,0,0|                               -@%                                                              
0,0,0|                                #@+                                                             
0,0,0|                               .+@@-                                                            
0,0,0|                               .*@@%. .:                                                        
0,0,0|                               -*%@@:-@@%*+:                                                    
0,0,0|                               =@@@@@@@@@@@@-                                                   
0,0,0|                               :@@@@@@@@@@@@#                                                   
0,0,0|                               *@@@@@@@@@@@@@:                                                  
0,0,0|                                #@@@@@@@@@@@@-                                                  
0,0,0|                               :%@@@@@@@@@@@%-                                                  
0,0,0|                               .%@@@@@@@@@@@@%.                                                 
0,0,0|                                *@@@@@@@@@@@@@*  -:                                             
0,0,0|                                -@@@@@@@@@@@@@@%*@@*.                                           
0,0,0|                                 *@@@@@@@@@-:*@@@@@@@+                                          
1,1,1|                                 -@@@@@@@@%.  .*@@@@@@#.                                        
0,0,0|                                 =@@@@@@@@@%=.  -@@@@@@@:                                       
169,169,169|********************************#@@@@@@@@@@@@@#**@@@@@@@@***************************************
37,37,37|................................#@@@@@@@@@@@@@@@==@@@@@@@*......................................
0,0,0|                               -@@@@@@@@@@@@@@@#+ =#+.-#@+                                      
1,1,1|                              :%@@@@@@@@@@@@@@@=        .                                       
0,0,0|                           :=*@@@@@@@@@@@@@@@@@@+                                               
0,0,0|                         =%@@@@@@@@@@@@@@@@@@@@@@@+                                             
0,0,0|                       .#@@@@@@@@@@@@@@@@@@@@@@@@@@%                                            
0,0,0|                       *@@@@@@@@@@@@@@@@@@@@@@@@@@@@:                                           
0,0,0|                       #@@@@@@@@@@@@@@@@@@@@@@@@@@@*                                            
0,0,0|                       +@@@@@@@@@@@@@@@@@@@@@@@@@@*                                             
0,0,0|                        #@@@@@@@@@@@@@@@@@@@@@@@#-                                              
0,0,0|                         =#@@@@@@@@@@@@@@@@@@@@+                                                
0,0,0|                           .:=+**##@@@#+=-:#@@@*                                                
0,0,0|                                   :@@#    .+*+:                                                
0,0,0|                                    *@@*                                                        
0,0,0|                                    =@@%.                                                       
0,0,0|                                    #@@@:                                                       
0,0,0|                                    %@@@+                                                       
0,0,0|                                    -%@@=                                                       
0,0,0|                                      ::                                                        
255,255,255|