0,0,0|                                                                                                
0,0,0|                                                                                                
0,0,0|                                                                                                
0,0,0|                                                                                                
0,0,0|                                                                                                
0,0,0|                                                                                                
0,0,0|                                            .                                                   
0,0,0|                                          %@@*=   :====-:                                       
0,0,0|                                        :-+@@@- -%@@@@@@@@*-:                                   
0,0,0|                                        -%@@@@%@@@@@@@@%::=**=.                                 
0,0,0|                                          -*%@@@@@@@@@@%:.                                      
0,0,0|                                             .*%@@@@@@@@@@@%*:                                  
0,0,0|                                              :-%@@@@@@@@@@@@@%#**-                             
0,0,0|                                            +@@@..+@@@@@@@@@@@@@@%+                             
0,0,0|                                            :*#@+.#@@@@@@@@@%%=                                 
0,0,0|                                               =@%@@@@@@@#. .:-=.                               
0,0,0|                                               .@@@@@@@@@@::%@@@+                               
0,0,0|                                                -@@=#@@@@@@@@@@@*                               
0,0,0|                                                *@*  #@@@@@@@@@@####%%%%+                       
0,0,0|                                              .#@=  =@@@@@@@@@@@*+=+*##+:::-=+++***+++:         
0,0,0|                 -@@@%%%#*++==--:::..        =%@. -#@@@@@@@@@@@@@@@@@@@%@@@@@@@@@@@@@@@*.       
4,4,4|                  -+**#@@@@@@@@@@@@@@@@@@@@%@@@@*#@@@@@@@@@@@@@@@@@@@@@@@@@@@@@@@@@@@@@@%*=.    
9,9,9|                       :*+::-=*#%@@#*+---===+++%@@@@@@@@@@@@@@@@@@@@@@@@@@@@@@@@@@@@@@@@@@@*:   
1,1,1|                                 .:-=+         =@@@@@%%%@@@@@@*:::+%@@@@@@@@@@@@@@@@@@@@@@@%:   
0,0,0|                                                ...      +@@@@%     .:=+*##%@@@@@@@@@@@@%##+.   
0,0,0|                                                         :@+-@@-             ..:-+##%@%+.       
0,0,0|                                                          .  .:                    .....        
0,0,0|                                                                                                
0,0,0|                                                                                                
0,0,0|                                                                                                
0,0,0|                                                                                                
0,0,0|                                                                                                
0,0,0|                                                                                                
0,0,0|                                                                                                
0,0,0|                                                                                                
0,0,0|                                                                                                
255,255,255|