0,0,0|                                                                                                
0,0,0|                                                                                                
0,0,0|                                                                                                
0,0,0|                                                                                                
0,0,0|                                                                                                
0,0,0|                                                                                                
0,0,0|                                                                                                
0,0,0|                                                                                         ..   :*
0,0,0|                                                                                        .=%@#=-*
0,0,0|                                                                                          :+%@#+
0,0,0|                                                                                             -##
0,0,0|                                                                                              :*
0,0,0|                                                                                             .+%
0,0,0|                                                                            :-:..           .+@@
0,0,0|                                                                            :+%@#-          .+@@
0,0,0|                                                                            .+%@@%+.          .=
2,2,2|  .-=+*************************************************************=:         :+@@@#-       .:-+
0,0,0|     ...............................................................            -#@@%*+*#%@@@@@@
0,0,0|                                                                                 .=%@@@@@@@@%##@
0,0,0|                                                                                    :--::..   :*
0,0,0|                                                                                              .+
0,0,0|                                                                                              .+
0,0,0|                                                                                              .+
0,0,0|                                                                                              -#
0,0,0|                                                                                             -#@
0,0,0|                                                                                            .*@@
5,5,5|                                                                                            :*@@
35,35,35|.                                                                                           -#@@
80,80,80|-                                                                                         .=%@@@
98,98,98|-                                                                                          :+%@@
64,64,64|:                                                                                           =%@@
8,8,8|                                                                                           -%@@@
0,0,0|                                                                                          :*@@@#
0,0,0|                                                                                          =%@@#-
0,0,0|                                                                                         -#@@#: 
0,0,0|                                                                                        :*@@*:  
255,255,255|