0,0,0|           .-=+#@@@@%#%%=                                                                       
0,0,0|               :#@@@+.:*%*-...                                                                  
0,0,0|          :**==#@@@@@%%@@@@%%=                                                                  
0,0,0|          +@@@@@@@@@@@@@@@@@@%+.                                                                
0,0,0|           +@@@@@@@@@@@@@@@@%%@%+.                                                              
0,0,0|          .*@@@@@@@@@@@@@@@@+:=%@%+.                                                            
0,0,0|           +@@@@@@@@@@@@@@@@=  .=%@%+.                                                          
0,0,0|           :*@@@@@@@@@@@%%#=.    .+%@%+:                                                        
0,0,0|           :#@@@@@@@*.             .+@@@+:                                                      
2,2,2|     :----+%@@@@@@@@#:               :*@@@*:                                                    
0,0,0|  -*@@@@@@@@@@@@@@@@@@%*-.             :*@@@*:                                                  
49,49,49|.*@@@@@@@@@@@@@@@@@@@@@@@%+:::::::.      -#@@@+.                                                
190,190,190|#@@@@@@@@@@@@@@@@@@@@@@@@@@@@@@@@@@%*=:   .*@@@%-                                               
251,251,251|@@@@@@@@@@@@@@@@@@@@@@@@@@@@@@@@@@@@@@@#=.  =%@@@+.                                             
254,254,254|@@@@@@@@@@@@@@@@@@@@@@@@@@@@@@@@@@@@@@@@*.   -%@@@=                                             
255,255,255|@@@@@@@@@@@@@@@@@@@@@@@@@@@@@@@@@@@@@@@+      -%@@#:                                            
253,253,253|@@@@@@@@@@@@@@@@@@@@@@@@%%@@@@@@@@@@@@%#*******%@@@#**********************************+.        
255,255,255|@@@@@@@@@@@@@@@@@@@@@@@@@+. .-+#%@%*-..........:#@+....................................         
178,178,178|*@@@@@@@@@@@@@@@@@@@@@@@@%=                     =+.                                             
11,11,11| :+%@@@@@@@@@@@@@@@@@@@@@@@=                                                                    
0,0,0|    .-+*%@@@@@@@@@@@@@@@%%#=.                                                                   
1,1,1|         :*%@@%*=+#@@%+.                                                                        
0,0,0|           .+@@#=-*@@@=                                                                         
0,0,0|             :*@@@@@@%-                                                                         
0,0,0|              +@@@@@@@@+.                                                                       
0,0,0|             -%@@@%#+-:.                                                                        
0,0,0|             -%@#:                                                                              
0,0,0|              .:                                                                                
0,0,0|                                                                                                
0,0,0|                                                                                                
0,0,0|                                                                                                
0,0,0|                                                                                                
0,0,0|                                                                                                
0,0,0|                                                                                                
0,0,0|                                                                                                
0,0,0|                                                                                                
255,255,255|