0,0,0|                                                                                                
19,19,19|                                                                                                
158,158,158|*=:.                                                                                            
33,33,33|.                                                                                               
4,4,4|                                                                                                
93,93,93|-.                                                                                              
214,214,214|%*-:..                                                                                          
245,245,245|@%%%+:                                                                                          
216,216,216|%##%%*=:                                                                                        
156,156,156|*-:=*%%*-.                                                                                      
191,191,191|#=. :=#%#+-.                                                                                    
217,217,217|%+:  .:+#%#+-.                                                                                  
211,211,211|%+.    .-*%%#+-.                                                                                
133,133,133|+.       :=*%@#+:.                                                                             .
175,175,175|*+-:       :+#@@#+:                                                                            :
255,255,255|@@%*=.      .-+#@%*=:                                                                          -
254,254,254|@@@@%%********#%@@@@%#******************************************************=                  =
255,255,255|@@@@%*=:.......:=*%@@%*=:...................................................                   .
255,255,255|@@@@@#+:         :+#@@%*=.                                                                      
255,255,255|@@@@@@%#+:.       :=#@@@#+:                                                                     
255,255,255|@@@@@@@@@#+:       :=#@@@#=:                                                                    
255,255,255|@@@@@@@@@@%*-       :=#@@%*-                                                                    
255,255,255|@@@@@@@@@@@#=:       :+#@@*-                                                                    
253,253,253|@@@@@@@@@@@#-.       .-*@%=.                                                                    
255,255,255|@@@@@@@@@@@*-         -*#=.                                                                     
128,128,128|++****#%##*=.         :-.                                                                       
0,0,0|      ..                                                                                        
1,1,1|                                                                                                
1,1,1|                                                                                                
0,0,0|                                                                                                
0,0,0|                                                                                                
0,0,0|                                                                                                
0,0,0|                                                                                                
0,0,0|                                                                                                
0,0,0|                                                                                                
0,0,0|                                                                                                
255,255,255|