0,0,0|                                                                                                
0,0,0|                                                                                                
0,0,0|                                                                                                
0,0,0|                                                                                                
0,0,0|                                                                                                
0,0,0|                                                                                                
0,0,0|                                                                                                
0,0,0|                                                                                             :-:
0,0,0|                                                                                             -#@
0,0,0|                                                                                               -
0,0,0|                                                                                                
0,0,0|                                                                                                
0,0,0|                                                                                  .-=.          
0,0,0|                                                                                  -#%%+:       .
1,1,1|                                                                                  =#@@*:       :
0,0,0|                                                                                   =%@@+.       
169,169,169|**********************************************************************+.           .+@@%=    ...
36,36,36|.......................................................................             :*@@@%%%@@@@
0,0,0|                                                                                     :+%@@@@@@%%
0,0,0|                                                                                        ....    
45,45,45|.                                                                                               
131,131,131|+:                                                                                              
213,213,213|%*-.                                                                                            
253,253,253|@@*=:                                                                                           
226,226,226|%@@#=:                                                                                          
220,220,220|%@@@#=:                                                                                        .
219,219,219|%%@@@*=.                                                                                       .
186,186,186|##%@@%+:                                                                                       :
201,201,201|###@@%+.                                                                                      :*
125,125,125|=+#@@*:                                                                                       .+
30,30,30|.=#@+.                                                                                         -
41,41,41|.-=:                                                                                          -#
10,10,10|                                                                                             .*@
0,0,0|                                                                                             =%@
0,0,0|                                                                                            :#@@
0,0,0|                                                                                           .*@@#
255,255,255|