0,0,0|                                                                                                
0,0,0|                                         .:---:                                                 
0,0,0|                                    .-*#@@@@@@@@*:                                              
0,0,0|                                 :+%@@@@@@@@@@@@@@#-:-=+****-                                   
0,0,0|                               -%@@@@@@@@@@@@@@@@@@@@@@@@@@@-                                   
0,0,0|                              =@@@@@@@@@@@@@@@@@@@@@@@@@@%=                                     
0,0,0|                              +@@@@@@@@@@@@@@@@@@@@@@@@#.                                       
0,0,0|                              *@@@@@@@@@@@@@@@@@@@@@@@@%-                                       
0,0,0|                              #@@@@@@@@@@@@@@@@@@@@@@@@@@*.                                     
0,0,0|                            -*@@@@@@@@@@@@@@@@@@@@@@@@@@@#.                                     
3,3,3|                          -%@@@@@@@@@@@@@@@@@@@@@@@@@@@@*-                                      
0,0,0|                         +@@@@@@@@@@@@@@@@@@@@@@@@@@@@*                                         
62,62,62|:--=========--::..        .:.+@@@@@@@@@@@@@@@@@@@@@@@@%-                                        
255,255,255|@@@@@@@@@@@@@@@@@@@%%#*=-:.-*%@@@@@@@@@@@@@@@@@@@@@@@@%-                                        
255,255,255|@@@@@@@@@@@@@@@@@@@@@@@@@@@@@@@@@@@@@@@@@@@@@@@@@@@@@%.                                         
103,103,103|=::........::--=+**#%@@@@@@@@@@@@@@@@@@@@@@@@@@@@@@@#                                           
0,0,0|                      .-=+%@@@@@@@@@@@@@@@@@@@@@@@@@                                            
4,4,4|                           #@@@@@@@@@@@@@@@@@@@@@@@=                                            
0,0,0|                            =%@@@@@@@@@@@@@@@@@@@%-                                             
0,0,0|                              -*%@@@@@@@@@@@@@@@@@%#=:                                          
0,0,0|                                  .%@@@@@@@@@@@@@@@@@@%*-                                       
0,0,0|                                  .@@@@@@@@@@@@@@@@@@@@@@@##%=.                                 
0,0,0|                                  -@@@@@@@@@@@@@@@@@@@@@@@@@@@@%-.                              
0,0,0|                                  +#@@@@@@@@@@@@@@@@@@+=@@@@@@@@@@#=                            
0,0,0|                                  : *@@@@@@@@@@@@@@@@@@.*@@@@@@@@@@@+                           
0,0,0|                                    +@@@@@@@@@@@@@@@@@@##@@@@@@@@@@@@@+:                        
0,0,0|                                    *@@@@@@@@@@@@@@@@@@@@@@@@@@@@@@@@@@@#-                      
0,0,0|                                    *@@@@@@@@@@@@@@@@@@@@@@@@@@@@=:+@@@@@@%+::                  
0,0,0|                                    -@@@@@@@@@@@@@@@@@@@@@@@@@@@@=   -#@@@@@@@#+.               
0,0,0|                                     @@@@@@@@@@@@@@@@@@@@@@@@@@@@@=    .%@@@@@@@@*              
0,0,0|                                     %@@@@@@@@@@@@@@@@@@@@@@@@@@#:  ..:=@@@@@@@@@@#             
0,0,0|                                     #@@@@@@@@@@@@@@@@@@@@@@@@@@@%@@@@@@@@@@@@@@@@@=            
0,0,0|                                     *@@@@@@@@@@@@@@@@@@@@@@@@@@@@@@@@@@@@@@@@@@@@@@#:          
0,0,0|                                     =@@@@@@@@@@@@@@@@@@@@@@@@@@@@@@@@@@@@@@@*..*@@@@@+         
0,0,0|                                     -@@@@@@@@@@@@@@@@@@*=++**##%@@@@@@@@@@@:    -%@@@@#:       
0,0,0|                                     -@@@@@@@@@@@@@@@@@=          :-+#@@@@@*       *@@@@@-      
255,255,255|