0,0,0|                                                                                                
0,0,0|                                 .-+*#%#*-.                                                     
0,0,0|                              :+%@@@@@@@@@@#=..-+*%%@@:                                         
0,0,0|                           :+%@@@@@@@@@@@@@@@@@@@@@@@+                                          
0,0,0|                         .*@@@@@@@@@@@@@@@@@@@@@@@@*:                                           
0,0,0|                         %@@@@@@@@@@@@@@@@@@@@@@@@:                                             
0,0,0|                        .@@@@@@@@@@@@@@@@@@@@@@@@@%=                                            
0,0,0|                         %@@@@@@@@@@@@@@@@@@@@@@@@@@*.                                          
0,0,0|                         *@@@@@@@@@@@@@@@@@@@@@@@@@@#                                           
0,0,0|                        :%@@@@@@@@@@@@@@@@@@@@@@@@@*.                                           
0,0,0|                      .*@@@@@@@@@@@@@@@@@@@@@@@@@@-                                             
0,0,0|                     =@@@@@@@@@@@@@@@@@@@@@@@@@@@@%+                                            
3,3,3|                     *%%**@@@@@@@@@@@@@@@@@@@@@@@@@:                                            
0,0,0|                         -@@@@@@@@@@@@@@@@@@@@@@@@-                                             
178,178,178|*##%%%%%%%%%%##**++=--:*@@@@@@@@@@@@@@@@@@@@@@@@@+                                              
255,255,255|@@@@@@@@@@@@@@@@@@@@@@@@@@@@@@@@@@@@@@@@@@@@@@@@+                                               
224,224,224|%%%########%%%@@@@@@@@@@@@@@@@@@@@@@@@@@@@@@@@@@                                                
9,9,9|                ..:-=+*#@@@@@@@@@@@@@@@@@@@@@%*:                                                
0,0,0|                        =%@@@@@@@@@@@@@@@@@@@#-.                                                
1,1,1|                          -*%@@@@@@@@@@@@@@@@@@@@#+:.                                           
0,0,0|                             .:=@@@@@@@@@@@@@@@@@@@@@#+=*+:                                     
0,0,0|                               =@@@@@@@@@@@@@@@@@@@@@@@@@@@@*-:                                 
0,0,0|                               =@@@@@@@@@@@@@@@@@@@@@@@@@@@@@@@%*.                              
0,0,0|                               .*#@@@@@@@@@@@@@@@@@@##@@@@@@@@@@@#-                             
0,0,0|                                 +@@@@@@@@@@@@@@@@@@@#@@@@@@@@@@@@@@*-                          
0,0,0|                                 #@@@@@@@@@@@@@@@@@@@@@@@@@@@@@@@@@@@@@*:                       
0,0,0|                                 #@@@@@@@@@@@@@@@@@@@@@@@@@@@@%..+#@@@@@@%+**.                  
0,0,0|                                 -@@@@@@@@@@@@@@@@@@@@@@@@@@@@%-   .=%@@@@@@@@%=                
0,0,0|                                  :#@@@@@@@@@@@@@@@@@@@@@@@@@@@@-     :@@@@@@@@@@:              
0,0,0|                                   :@@@@@@@@@@@@@@@@@@@@@@@@@@%-.::-=+#@@@@@@@@@@%.             
0,0,0|                                    %@@@@@@@@@@@@@@@@@@@@@@@@@@@@@@@@@@@@@@@@@@@@@@+.           
0,0,0|                                    *@@@@@@@@@@@@@@@@@@@@@@@@@@@@@@@@@@@@@@@@*=%@@@@@=          
0,0,0|                                    =@@@@@@@@@@@@@@@@@@@@@@@@@@@@@@@@@@@@@@*.   =%@@@@%-        
0,0,0|                                    :@@@@@@@@@@@@@@@@@*==+++**##%@@@@@@@@@@       =@@@@@*.      
0,0,0|                                    .@@@@@@@@@@@@@@@%:            .:=*#%@@-         +@@@@@=     
0,0,0|                                    :@@@@@@@@@@@@@@@*                   .            :%@@@@*    
255,255,255|