0,0,0|                                                                                                
0,0,0|                                 :=+*##*=:         .                                            
0,0,0|                             .:*%@@@@@@@@@%+:.-+*%@@@+                                          
0,0,0|                           -*@@@@@@@@@@@@@@@@@@@@@@@#.                                          
0,0,0|                         :%@@@@@@@@@@@@@@@@@@@@@@@%-                                            
0,0,0|                        -@@@@@@@@@@@@@@@@@@@@@@@@*                                              
0,0,0|                        +@@@@@@@@@@@@@@@@@@@@@@@@@%=.                                           
0,0,0|                        -@@@@@@@@@@@@@@@@@@@@@@@@@@@=                                           
0,0,0|                        .@@@@@@@@@@@@@@@@@@@@@@@@@@@-                                           
0,0,0|                        -@@@@@@@@@@@@@@@@@@@@@@@@@#:                                            
1,1,1|                      :#@@@@@@@@@@@@@@@@@@@@@@@@@@:                                             
0,0,0|                     +@@@@@@@@@@@@@@@@@@@@@@@@@@@@@+                                            
21,21,21| ............       .#%%##@@@@@@@@@@@@@@@@@@@@@@@@%                                             
236,236,236|@@@@@@@@@@@@@@%%%#**=--: :@@@@@@@@@@@@@@@@@@@@@@@@:                                             
255,255,255|@@@@@@@@@@@@@@@@@@@@@@@@@@@@@@@@@@@@@@@@@@@@@@@@@=                                              
148,148,148|++==----===++*##%%@@@@@@@@@@@@@@@@@@@@@@@@@@@@@@:                                               
0,0,0|                   .:-+@@@@@@@@@@@@@@@@@@@@@@@@*                                                
4,4,4|                       #@@@@@@@@@@@@@@@@@@@@@@*                                                 
0,0,0|                       .#@@@@@@@@@@@@@@@@@@@@@%#+:                                              
0,0,0|                         :*%@@@@@@@@@@@@@@@@@@@@@@@#+:                                          
0,0,0|                            :-+*@@@@@@@@@@@@@@@@@@@@@@@*+#*:                                    
0,0,0|                               :@@@@@@@@@@@@@@@@@@@@@@@@@@@@%+-.                                
0,0,0|                               -@@@@@@@@@@@@@@@@@@@@*#@@@@@@@@@@#=                              
0,0,0|                               .+*@@@@@@@@@@@@@@@@@@#.%@@@@@@@@@@@=                             
0,0,0|                                 -@@@@@@@@@@@@@@@@@@@+#@@@@@@@@@@@@@*-                          
0,0,0|                                 *@@@@@@@@@@@@@@@@@@@@@@@@@@@@@@@@@@@@%+:                       
0,0,0|                                 +@@@@@@@@@@@@@@@@@@@@@@@@@@@@@-.=%@@@@@@#==:                   
0,0,0|                                 :@@@@@@@@@@@@@@@@@@@@@@@@@@@@@+.  :+%@@@@@@@#*                 
0,0,0|                                  .#@@@@@@@@@@@@@@@@@@@@@@@@@@@@=     =@@@@@@@@@+               
0,0,0|                                   :@@@@@@@@@@@@@@@@@@@@@@@@@@#: ..:--#@@@@@@@@@@-              
0,0,0|                                    %@@@@@@@@@@@@@@@@@@@@@@@@@@@@@@@@@@@@@@@@@@@@@+             
0,0,0|                                    *@@@@@@@@@@@@@@@@@@@@@@@@@@@@@@@@@@@@@@@@#%@@@@%-           
0,0,0|                                    =@@@@@@@@@@@@@@@@@@@@@@@@@@@@@@@@@@@@@@*:  +@@@@@#:         
0,0,0|                                    :@@@@@@@@@@@@@@@@@#++***##%%@@@@@@@@@@*     .*@@@@@=        
0,0,0|                                    .@@@@@@@@@@@@@@@@=           .:=*%@@@@.       :#@@@@#.      
0,0,0|                                    -@@@@@@@@@@@@@@@*                  ::.          +@@@@@-     
255,255,255|