0,0,0|                                                                                                
0,0,0|                                  :=*###*=.                                                     
0,0,0|                              .-#@@@@@@@@@@#=..:=+#%%%-                                         
0,0,0|                           .=%@@@@@@@@@@@@@@@@@@@@@@@#.                                         
0,0,0|                          +@@@@@@@@@@@@@@@@@@@@@@@@%-                                           
0,0,0|                         *@@@@@@@@@@@@@@@@@@@@@@@@-                                             
0,0,0|                         %@@@@@@@@@@@@@@@@@@@@@@@@%=                                            
0,0,0|                         #@@@@@@@@@@@@@@@@@@@@@@@@@@#:                                          
0,0,0|                         +@@@@@@@@@@@@@@@@@@@@@@@@@@%.                                          
0,0,0|                        .*@@@@@@@@@@@@@@@@@@@@@@@@@#:                                           
0,0,0|                      .+@@@@@@@@@@@@@@@@@@@@@@@@@@+                                             
0,0,0|                     -@@@@@@@@@@@@@@@@@@@@@@@@@@@@%+                                            
4,4,4|                     +%%**@@@@@@@@@@@@@@@@@@@@@@@@@-                                            
0,0,0|                         :@@@@@@@@@@@@@@@@@@@@@@@@+                                             
150,150,150|+**####%#####**++==-::.+@@@@@@@@@@@@@@@@@@@@@@@@@*                                              
255,255,255|@@@@@@@@@@@@@@@@@@@@@@@@@@@@@@@@@@@@@@@@@@@@@@@@*                                               
244,244,244|@@%%%%%%%%%%@@@@@@@@@@@@@@@@@@@@@@@@@@@@@@@@@@@@.                                               
31,31,31|.             ..::-=+*#%@@@@@@@@@@@@@@@@@@@@@%#-                                                
0,0,0|                        -%@@@@@@@@@@@@@@@@@@@%-                                                 
2,2,2|                          -*%@@@@@@@@@@@@@@@@@@@%*=:                                            
0,0,0|                             .:=@@@@@@@@@@@@@@@@@@@@@#+-+=.                                     
0,0,0|                               :@@@@@@@@@@@@@@@@@@@@@@@@@@@%*:.                                 
0,0,0|                               -@@@@@@@@@@@@@@@@@@@@@@@@@@@@@@@%*.                              
0,0,0|                                **@@@@@@@@@@@@@@@@@@%%@@@@@@@@@@@#:                             
0,0,0|                                 =@@@@@@@@@@@@@@@@@@@#@@@@@@@@@@@@@%*-                          
0,0,0|                                 *@@@@@@@@@@@@@@@@@@@@@@@@@@@@@@@@@@@@%*:                       
0,0,0|                                 *@@@@@@@@@@@@@@@@@@@@@@@@@@@@%::+%@@@@@@%+++.                  
0,0,0|                                 :@@@@@@@@@@@@@@@@@@@@@@@@@@@@%-   :+%@@@@@@@@%=                
0,0,0|                                  :#@@@@@@@@@@@@@@@@@@@@@@@@@@@@-     :@@@@@@@@@@:              
0,0,0|                                   :@@@@@@@@@@@@@@@@@@@@@@@@@@%=..:--=#@@@@@@@@@@%.             
0,0,0|                                    %@@@@@@@@@@@@@@@@@@@@@@@@@@@@@@@@@@@@@@@@@@@@@@+.           
0,0,0|                                    +@@@@@@@@@@@@@@@@@@@@@@@@@@@@@@@@@@@@@@@@#=%@@@@@=          
0,0,0|                                    -@@@@@@@@@@@@@@@@@@@@@@@@@@@@@@@@@@@@@@#:   =%@@@@%-        
0,0,0|                                    :@@@@@@@@@@@@@@@@@*=+++***##%@@@@@@@@@@       =@@@@@#.      
0,0,0|                                     @@@@@@@@@@@@@@@@-            .:=*%@@@=         +@@@@@=     
0,0,0|                                    .@@@@@@@@@@@@@@@*                   ..           :%@@@@#.   
255,255,255|