255,255,255|@@@@@@@@@@@@@@@@@@@@@=                                                                          
255,255,255|@@@@@@@@@@@@@@@@@@@@@                                                                           
255,255,255|@@@@@@@@@@@@@@@@@@@@=                                                                           
255,255,255|@@@@@@@@@@@@@@@@@@@@                                                                            
255,255,255|@@@@@@@@@@@@@@@@@@@+                                                                            
255,255,255|@@@@@@@@@@@@@@@@@@@.                                                                            
255,255,255|@@@@@@@@@@@@@@@@@@#                                                                             
255,255,255|@@@@@@@@@@@@@@@@@@=                                                                             
255,255,255|@@@@@@@@@@@@@@@@@@.                                                                             
255,255,255|@@@@@@@@@@@@@@@@@%                                                                              
255,255,255|@@@@@@@@@@@@@@@@@+                                                                              
255,255,255|@@@@@@@@@@@@@@@@@-                                                                              
255,255,255|@@@@@@@@@@@@@@@@@.                                                                              
255,255,255|@@@@@@@@@@@@@@@@%                                                                               
255,255,255|@@@@@@@@@@@@@@@@#                                                                               
255,255,255|@@@@@@@@@@@@@@@@*                                                                               
255,255,255|@@@@@@@@@@@@@@@@+                                                                               
255,255,255|@@@@@@@@@@@@@@@@+                                                                               
255,255,255|@@@@@@@@@@@@@@@@+                                                                               
255,255,255|@@@@@@@@@@@@@@@@+                                                                               
255,255,255|@@@@@@@@@@@@@@@@+                                                                               
254,254,254|@@@@@@@@@@@@@@@@*                                                                               
255,255,255|@@@@@@@@@@@@@@@@#                                                                               
202,202,202|#@@@@@@@@@@@@@@@%                                                                               
64,64,64|:@@@@@@@@@@@@@@@@.                                                                              
0,0,0| +@@@@@@@@@@@@@@@:                                                                              
1,1,1|  %@@@@@@@@@@@@@@+                                                                              
4,4,4|  :@@@@@@@@@@@@@@#                                                                              
0,0,0|   +@@@@@@@@@@@@@@.                                                                             
0,0,0|    #@@@@@@@@@@@@@-                                                                             
0,0,0|    .%@@@@@@@@@@@@#                                                                             
0,0,0|     .%@@@@@@@@@@@@.                                                                            
0,0,0|      :@@@@@@@@@@@@+                                                                            
0,0,0|       -@@@@@@@@@@@@                                                                            
0,0,0|        :%@@@@@@@@@@=                                                                           
0,0,0|         :%@@@@@@@@@%                                                                           
255,255,255|