0,0,0|                                                                                                
0,0,0|                                  :=+*#*=:                                                      
0,0,0|                              .=#@@@@@@@@@%+: .-+*%%@%                                          
0,0,0|                           .=#@@@@@@@@@@@@@@@@@@@@@@@-                                          
0,0,0|                          +@@@@@@@@@@@@@@@@@@@@@@@@*.                                           
0,0,0|                         #@@@@@@@@@@@@@@@@@@@@@@@%:                                             
0,0,0|                        :@@@@@@@@@@@@@@@@@@@@@@@@@%=.                                           
0,0,0|                         @@@@@@@@@@@@@@@@@@@@@@@@@@@#.                                          
0,0,0|                         #@@@@@@@@@@@@@@@@@@@@@@@@@@*                                           
0,0,0|                         *@@@@@@@@@@@@@@@@@@@@@@@@@+.                                           
2,2,2|                       =%@@@@@@@@@@@@@@@@@@@@@@@@@+                                             
0,0,0|                     .#@@@@@@@@@@@@@@@@@@@@@@@@@@@@#.                                           
35,35,35|..:::::::::....      *@@%%@@@@@@@@@@@@@@@@@@@@@@@@@-                                            
247,247,247|@@@@@@@@@@@@@@@@%%#*++=-: #@@@@@@@@@@@@@@@@@@@@@@@*                                             
255,255,255|@@@@@@@@@@@@@@@@@@@@@@@@@@@@@@@@@@@@@@@@@@@@@@@@@%                                              
128,128,128|+=--------==++*##%%@@@@@@@@@@@@@@@@@@@@@@@@@@@@@+.                                              
0,0,0|                   .:-=%@@@@@@@@@@@@@@@@@@@@@@@@                                                
4,4,4|                       -@@@@@@@@@@@@@@@@@@@@@@#:                                                
0,0,0|                        +@@@@@@@@@@@@@@@@@@@@@%#+:                                              
0,0,0|                         :*%@@@@@@@@@@@@@@@@@@@@@@@#+:                                          
0,0,0|                            :=+*@@@@@@@@@@@@@@@@@@@@@@@*=**:                                    
0,0,0|                                %@@@@@@@@@@@@@@@@@@@@@@@@@@@%+:                                 
0,0,0|                                @@@@@@@@@@@@@@@@@@@@##@@@@@@@@@@*=                              
0,0,0|                                =+@@@@@@@@@@@@@@@@@@%:*@@@@@@@@@@@+                             
0,0,0|                                  @@@@@@@@@@@@@@@@@@@*+@@@@@@@@@@@@%*:                          
0,0,0|                                 :@@@@@@@@@@@@@@@@@@@@@@@@@@@@@@@@@@@@%=.                       
0,0,0|                                 :@@@@@@@@@@@@@@@@@@@@@@@@@@@@@*:+%@@@@@@*::.                   
0,0,0|                                  %@@@@@@@@@@@@@@@@@@@@@@@@@@@@+.  :*@@@@@@@@*+                 
0,0,0|                                  .*@@@@@@@@@@@@@@@@@@@@@@@@@@@@#     =@@@@@@@@%+               
0,0,0|                                   .@@@@@@@@@@@@@@@@@@@@@@@@@@%=    ..+@@@@@@@@@@=              
0,0,0|                                    %@@@@@@@@@@@@@@@@@@@@@@@@@%#%%@@@@@@@@@@@@@@@@=             
0,0,0|                                    +@@@@@@@@@@@@@@@@@@@@@@@@@@@@@@@@@@@@@@@@%@@@@@#:           
0,0,0|                                    =@@@@@@@@@@@@@@@@@@@@@@@@@@@@@@@@@@@@@@%= .*@@@@@*          
0,0,0|                                    :@@@@@@@@@@@@@@@@@@*###%%%@@@@@@@@@@@@%     :#@@@@%-        
0,0,0|                                    .@@@@@@@@@@@@@@@@*.        ..:=*#@@@@@-       -@@@@@*       
0,0,0|                                    :@@@@@@@@@@@@@@@#                 :-=-         .#@@@@%.     
255,255,255|