0,0,0|                                                                                                
0,0,0|                                                                                                
0,0,0|                                                                                                
0,0,0|                                                                                                
0,0,0|                                                                                                
0,0,0|                                                                                                
0,0,0|                                                                                  .::..         
0,0,0|                                                                              :+#%@@@@@%*-.   ..
0,0,0|                                                                            :#@@@@@@@@@@@@%+:   
0,0,0|                                                                           -@@@@@@@@@@@@@@@@#-  
0,0,0|                                                                          :@@@@@@@@@@@@@@@@@@+: 
0,0,0|                                                                          *@@@@@@@@@@@@@@@@@@#=.
0,0,0|                                                                          .@@@@@@@@@@@@@@@@@@@+:
0,0,0|                                                                            -+*@@@@@@@@@@@@@@@%=
0,0,0|                              .-.                                             .#@@@@@@@@@@@@@%%-
0,0,0|                             .+-                                               :@@@@@@@@@@@@@%+.
3,3,3|                                              .:::::........                     :+@@@@@@@@@%#-:
0,0,0|                                         ::=#%@@@@@@@@@@@@@@@@@%%%%%%%%####**+==-=%@@@@@@@@@%*: 
50,50,50|.::--==++**##########**+=-:.    .:-=**++%@@@@@@@@@@@@@@@@@@@@@@@@@@@@@@@@@@@@@@@@@@@@@@@@@@@@@*:
255,255,255|@@@@@@@@@@@@@@@@@@@@@@@@@@@@@@@@@@@@@@@@@@@@@@%@%###*********###%%%@@@@@@@@@@@@@@@@@@@@@@@@@@@@%
89,89,89|-==+*#%%@@@@@@@@@@@@@@@@@@@@@@@@@@@@@@%##%@@%%%%#-                   ..::--=+*#%@@@@@@@@@@@@@@@@
0,0,0|         ..::--==++++++=-::.  .:-=*%@%=.  :-   .=@-                             %@@@@@@@@@@@@@@@
4,4,4|                                    ...          %+                             :@@@@@@@@@@@@@@@
0,0,0|                                           --::=%*.                              -@@@@@@@@@@@@@@
0,0,0|                                           =#%#*-                                 -@@@@@@@@@@@@@
0,0,0|                                                                                   *@@@@@@@@@@@@
0,0,0|                                                                                   -@@@@@@@@@@@@
0,0,0|                                                             =.                    *@@@@@@@@@@@@
0,0,0|                                                             :                    =@@@@@@@@@@@@@
0,0,0|                                                                                     =@@@@@@@@@@
0,0,0|       :-.                                                                          :@@@@@@@@@@@
0,0,0|                                                                                    -@@@@@@@@@@@
0,0,0|                                                                                   *@@@@@@@@@@@@
0,0,0|                                                                                 :%@@@@@@@@@@@@@
0,0,0|                                                                                :@@@@@@@@@@@@@@@
0,0,0|                                                                               .@@@@@@@@@@@@@@@@
255,255,255|