255,255,255|@@@@@@@@@@@@@@@@@@@@@*                                                                          
255,255,255|@@@@@@@@@@@@@@@@@@@@@.                                                                          
255,255,255|@@@@@@@@@@@@@@@@@@@@+                                                                           
255,255,255|@@@@@@@@@@@@@@@@@@@@                                                                            
255,255,255|@@@@@@@@@@@@@@@@@@@+                                                                            
255,255,255|@@@@@@@@@@@@@@@@@@@.                                                                            
255,255,255|@@@@@@@@@@@@@@@@@@*                                                                             
255,255,255|@@@@@@@@@@@@@@@@@@-                                                                             
255,255,255|@@@@@@@@@@@@@@@@@%                                                                              
255,255,255|@@@@@@@@@@@@@@@@@+                                                                              
255,255,255|@@@@@@@@@@@@@@@@@:                                                                              
255,255,255|@@@@@@@@@@@@@@@@@                                                                               
255,255,255|@@@@@@@@@@@@@@@@#                                                                               
255,255,255|@@@@@@@@@@@@@@@@+                                                                               
255,255,255|@@@@@@@@@@@@@@@@-                                                                               
255,255,255|@@@@@@@@@@@@@@@@:                                                                               
255,255,255|@@@@@@@@@@@@@@@@.                                                                               
255,255,255|@@@@@@@@@@@@@@@@                                                                                
255,255,255|@@@@@@@@@@@@@@@%                                                                                
255,255,255|@@@@@@@@@@@@@@@%                                                                                
255,255,255|@@@@@@@@@@@@@@@%                                                                                
255,255,255|@@@@@@@@@@@@@@@%                                                                                
255,255,255|@@@@@@@@@@@@@@@@                                                                                
254,254,254|@@@@@@@@@@@@@@@@.                                                                               
255,255,255|@@@@@@@@@@@@@@@@:                                                                               
234,234,234|@@@@@@@@@@@@@@@@=                                                                               
114,114,114|=@@@@@@@@@@@@@@@+                                                                               
7,7,7| #@@@@@@@@@@@@@@%                                                                               
0,0,0| .@@@@@@@@@@@@@@@.                                                                              
3,3,3|  -@@@@@@@@@@@@@@-                                                                              
1,1,1|   *@@@@@@@@@@@@@#                                                                              
0,0,0|    #@@@@@@@@@@@@@.                                                                             
0,0,0|    .%@@@@@@@@@@@@=                                                                             
0,0,0|     .%@@@@@@@@@@@%                                                                            =
0,0,0|      :%@@@@@@@@@@@-                                                                          :@
0,0,0|       :%@@@@@@@@@@#                                                                          *@
255,255,255|