0,0,0|                                                                                                
0,0,0|                                            .:==*#%%@@%%#+.                                     
0,0,0|                                         -*%@@@@@@@@@@@@@@@+                                    
0,0,0|                                       .%@@@@@@@@@@@@@@@@@@@%:                                  
0,0,0|                                       #@@@@@@@@@@@@@@@@@@@@@@%%%%%%##=                         
0,0,0|                                      -@@@@@@@@@@@@@@@@@@@@@@@@@@@@@@%=                         
0,0,0|                                     .@@@@@@@@@@@@@@@@@@@@@@@@@@@%*=.                           
0,0,0|                                  .-*%@@@@@@@@@@@@@@@@@@@@@@@@@@+                               
0,0,0|                                -#@@@@@@@@@@@@@@@@@@@@@@@@@@@@@@@:                              
0,0,0|                                *@@@@@@@@@@@@@@@@@@@@@@@@@@@@@@@@%.                             
4,4,4|                                   +@@@@@@@@@@@@@@@@@@@@@@@@@@@@@-.                             
0,0,0|      ..::::::::..               :=@@@@@@@@@@@@@@@@@@@@@@@@@@@#+=                               
90,90,90|-=*#%@@@@@@@@@@@@@@@%%#*+=-:.   +@@@@@@@@@@@@@@@@@@@@@@@@@@@%.                                  
255,255,255|@@@@@@@@@@@@@@@@@@@@@@@@@@@@@@%#@@@@@@@@@@@@@@@@@@@@@@@@@@@@@=                                  
255,255,255|@@@%#*+==----==++**#%%@@@@@@@@@@@@@@@@@@@@@@@@@@@@@@@@@@@@@%:                                   
145,145,145|+-.                    .:-+*#%@@@@@@@@@@@@@@@@@@@@@@@@@@@@@:                                    
0,0,0|                              .:=+%@@@@@@@@@@@@@@@@@@@@@@@@:                                    
4,4,4|                                   .+%@@@@@@@@@@@@@@@@@@@@#                                     
0,0,0|                                      .--%@@@@@@@@@@@@@@%=                                      
0,0,0|                                        +@@@@@@@@@@@@@@@@#+:                                    
0,0,0|                                       .@@@@@@@@@@@@@@@@@@@@%*-                                 
0,0,0|                                       =@@@@@@@@@@@@@@@@@@@@@@@@#@%-.                           
0,0,0|                                       #%@@@@@@@@@@@@@@@@@@@@@@@@@@@@*-.                        
0,0,0|                                      .--@@@@@@@@@@@@@@@@@@#-%@@@@@@@@@@*-                      
0,0,0|                                        :@@@@@@@@@@@@@@@@@@@:=@@@@@@@@@@@@:                     
0,0,0|                                        :@@@@@@@@@@@@@@@@@@@#+@@@@@@@@@@@@@#-                   
0,0,0|                                        :@@@@@@@@@@@@@@@@@@@@@@@@@@@@@@@@@@@@%=.                
0,0,0|                                        :@@@@@@@@@@@@@@@@@@@@@@@@@@@@@%-*@@@@@@@+.              
0,0,0|                                        .@@@@@@@@@@@@@@@@@@@@@@@@@@@@@#. .=%@@@@@@@#-:          
0,0,0|                                         @@@@@@@@@@@@@@@@@@@@@@@@@@@@@@@:   :%@@@@@@@@+:        
0,0,0|                                         %@@@@@@@@@@@@@@@@@@@@@@@@@@@@*:    :%@@@@@@@@@@.       
0,0,0|                                         %@@@@@@@@@@@@@@@@@@@@@@@@@@@@%%%%%@@@@@@@@@@@@@+       
0,0,0|                                         %@@@@@@@@@@@@@@@@@@@@@@@@@@@@@@@@@@@@@@@@@@@@@@@#.     
0,0,0|                                         #@@@@@@@@@@@@@@@@@@@@@@@@@@@@@@@@@@@@@@@@%=-@@@@@@=    
0,0,0|                                         *@@@@@@@@@@@@@@@@@@@%++*##%@@@@@@@@@@@@@=    +@@@@@*.  
0,0,0|                                         *@@@@@@@@@@@@@@@@@@+        .:=*%@@@@@@%      -%@@@@%: 
255,255,255|