0,0,0|                                                                                                
0,0,0|                                :=*#%%%#+:        .:.                                           
0,0,0|                             -+@@@@@@@@@@@%+:-+#%@@@@:                                          
0,0,0|                          :*@@@@@@@@@@@@@@@@@@@@@@@@=                                           
0,0,0|                        .*@@@@@@@@@@@@@@@@@@@@@@@@*.                                            
0,0,0|                        %@@@@@@@@@@@@@@@@@@@@@@@@-                                              
0,0,0|                        @@@@@@@@@@@@@@@@@@@@@@@@@@#-                                            
0,0,0|                        #@@@@@@@@@@@@@@@@@@@@@@@@@@%:                                           
0,0,0|                        =@@@@@@@@@@@@@@@@@@@@@@@@@@#                                            
0,0,0|                       :#@@@@@@@@@@@@@@@@@@@@@@@@@=                                             
0,0,0|                     .*@@@@@@@@@@@@@@@@@@@@@@@@@@*                                              
1,1,1|                    -@@@@@@@@@@@@@@@@@@@@@@@@@@@@@%.                                            
0,0,0|                    =##*+%@@@@@@@@@@@@@@@@@@@@@@@@:                                             
202,202,202|#%%%%%%%%%%%%%##*++=::. .#@@@@@@@@@@@@@@@@@@@@@@@+                                              
255,255,255|@@@@@@@@@@@@@@@@@@@@@@@@@@@@@@@@@@@@@@@@@@@@@@@@#                                               
194,194,194|##********###%%@@@@@@@@@@@@@@@@@@@@@@@@@@@@@@@@+                                                
0,0,0|                ..:-=+%@@@@@@@@@@@@@@@@@@@@@@@@:                                                
1,1,1|                      .@@@@@@@@@@@@@@@@@@@@@@%-                                                 
0,0,0|                       :#@@@@@@@@@@@@@@@@@@@@@%#=:                                              
0,0,0|                         :*%@@@@@@@@@@@@@@@@@@@@@@@#+:                                          
0,0,0|                            .:-%@@@@@@@@@@@@@@@@@@@@@@@##%+:                                    
0,0,0|                               %@@@@@@@@@@@@@@@@@@@@@@@@@@@@@*=.                                
0,0,0|                               %@@@@@@@@@@@@@@@@@@@%*%@@@@@@@@@@%-                              
0,0,0|                               -+%@@@@@@@@@@@@@@@@@@+-@@@@@@@@@@@@=.                            
0,0,0|                                 @@@@@@@@@@@@@@@@@@@@*@@@@@@@@@@@@@@#=.                         
0,0,0|                                .@@@@@@@@@@@@@@@@@@@@@@@@@@@@@@%@@@@@@@*-                       
0,0,0|                                .@@@@@@@@@@@@@@@@@@@@@@@@@@@@@#  -*@@@@@@%**=.                  
0,0,0|                                 +@@@@@@@@@@@@@@@@@@@@@@@@@@@@@*.  .=#@@@@@@@@#:                
0,0,0|                                  :%@@@@@@@@@@@@@@@@@@@@@@@@@@@#.     +@@@@@@@@@*               
0,0,0|                                   =@@@@@@@@@@@@@@@@@@@@@@@@@@+::--=+*@@@@@@@@@@@=              
0,0,0|                                   .@@@@@@@@@@@@@@@@@@@@@@@@@@@@@@@@@@@@@@@@@@@@@@#:            
0,0,0|                                    #@@@@@@@@@@@@@@@@@@@@@@@@@@@@@@@@@@@@@@@%=*@@@@@*.          
0,0,0|                                    +@@@@@@@@@@@@@@@@@@@@@@@@@@@@@@@@@@@@@%:   :#@@@@@=         
0,0,0|                                    -@@@@@@@@@@@@@@@@@=--===++*##%@@@@@@@@-      -%@@@@#.       
0,0,0|                                    :@@@@@@@@@@@@@@@#             .:=*#%@*         +@@@@@=      
0,0,0|                                    =@@@@@@@@@@@@@@@=                               :%@@@@*     
255,255,255|