0,0,0|                                                                                                
0,0,0|                                            .:-====-:                                           
0,0,0|                                       :=*#@@@@@@@@@@#-                                         
0,0,0|                                    -#@@@@@@@@@@@@@@@@@#:                                       
0,0,0|                                   *@@@@@@@@@@@@@@@@@@@@@#%%%@@@%*                              
0,0,0|                                  .@@@@@@@@@@@@@@@@@@@@@@@@@@@@@#-                              
0,0,0|                                  +@@@@@@@@@@@@@@@@@@@@@@@@@%#=.                                
0,0,0|                                  %@@@@@@@@@@@@@@@@@@@@@@@@@:                                   
0,0,0|                               :+%@@@@@@@@@@@@@@@@@@@@@@@@@@@:                                  
0,0,0|                             =%@@@@@@@@@@@@@@@@@@@@@@@@@@@@@@#.                                 
3,3,3|                            =@@@@@@@@@@@@@@@@@@@@@@@@@@@@@@@@-                                  
0,0,0|                               .%@@@@@@@@@@@@@@@@@@@@@@@@@%+:                                   
75,75,75|:=+***#######**++==-:.       .=*@@@@@@@@@@@@@@@@@@@@@@@@@+                                      
255,255,255|@@@@@@@@@@@@@@@@@@@@@@@%%*+=-@@@@@@@@@@@@@@@@@@@@@@@@@@@@@-                                     
255,255,255|@@@@%%####%%%%@@@@@@@@@@@@@@@@@@@@@@@@@@@@@@@@@@@@@@@@@@%.                                      
108,108,108|=:.            ..:-=+*#%@@@@@@@@@@@@@@@@@@@@@@@@@@@@@@@#                                        
0,0,0|                         .:=+#@@@@@@@@@@@@@@@@@@@@@@@@@*                                        
4,4,4|                              -#@@@@@@@@@@@@@@@@@@@@@@@:                                        
0,0,0|                                :+%@@@@@@@@@@@@@@@@@@*:                                         
0,0,0|                                   .:=@@@@@@@@@@@@@@@#=:                                        
0,0,0|                                     #@@@@@@@@@@@@@@@@@@%*-.                                    
0,0,0|                                    .@@@@@@@@@@@@@@@@@@@@@@@#*%+.                               
0,0,0|                                    -@@@@@@@@@@@@@@@@@@@@@@@@@@@@#-.                            
0,0,0|                                    ++%@@@@@@@@@@@@@@@@@#+@@@@@@@@@@#=.                         
0,0,0|                                    . %@@@@@@@@@@@@@@@@@@.*@@@@@@@@@@@#                         
0,0,0|                                      #@@@@@@@@@@@@@@@@@@#*@@@@@@@@@@@@%+.                      
0,0,0|                                      #@@@@@@@@@@@@@@@@@@@@@@@@@@@@@@@@@@@*:                    
0,0,0|                                      *@@@@@@@@@@@@@@@@@@@@@@@@@@@@#=#@@@@@@#-                  
0,0,0|                                      +@@@@@@@@@@@@@@@@@@@@@@@@@@@@=  .+@@@@@@@@+-              
0,0,0|                                      =@@@@@@@@@@@@@@@@@@@@@@@@@@@@@#    -%@@@@@@@%=            
0,0,0|                                      -@@@@@@@@@@@@@@@@@@@@@@@@@@@@=     :@@@@@@@@@@*           
0,0,0|                                      :@@@@@@@@@@@@@@@@@@@@@@@@@@@@##%%%@@@@@@@@@@@@@:          
0,0,0|                                      .@@@@@@@@@@@@@@@@@@@@@@@@@@@@@@@@@@@@@@@@@@@@@@@+         
0,0,0|                                      .@@@@@@@@@@@@@@@@@@@@@@@@@@@@@@@@@@@@@@@@%-=@@@@@%:       
0,0,0|                                       %@@@@@@@@@@@@@@@@@@%+**#%%@@@@@@@@@@@@@-   .*@@@@@+      
0,0,0|                                       %@@@@@@@@@@@@@@@@@+        .:=*%@@@@@@#      -%@@@@#.    
255,255,255|