0,0,0|                                                                                                
0,0,0|                                           .:-===-:                                             
0,0,0|                                      :-+#%@@@@@@@@@*.                                          
0,0,0|                                   :*%@@@@@@@@@@@@@@@@+.   ....                                 
0,0,0|                                  *@@@@@@@@@@@@@@@@@@@@@%@@@@@@@=                               
0,0,0|                                 :@@@@@@@@@@@@@@@@@@@@@@@@@@@@%=                                
0,0,0|                                 +@@@@@@@@@@@@@@@@@@@@@@@@@#+:                                  
0,0,0|                                 %@@@@@@@@@@@@@@@@@@@@@@@@%.                                    
0,0,0|                               :*@@@@@@@@@@@@@@@@@@@@@@@@@@@-                                   
0,0,0|                            .=%@@@@@@@@@@@@@@@@@@@@@@@@@@@@@#.                                  
3,3,3|                           :@@@@@@@@@@@@@@@@@@@@@@@@@@@@@@@@-                                   
0,0,0|                           .:--*@@@@@@@@@@@@@@@@@@@@@@@@@#=.                                    
71,71,71|:-=+*********++==-::.        .-#@@@@@@@@@@@@@@@@@@@@@@@@#                                       
255,255,255|@@@@@@@@@@@@@@@@@@@@@@%#*+=:*@@@@@@@@@@@@@@@@@@@@@@@@@@@@+                                      
255,255,255|@@@@@%%%%%%%@@@@@@@@@@@@@@@@@@@@@@@@@@@@@@@@@@@@@@@@@@@@:                                       
105,105,105|=:.          ..::-=+*#%@@@@@@@@@@@@@@@@@@@@@@@@@@@@@@@%.                                        
0,0,0|                        .:=+#@@@@@@@@@@@@@@@@@@@@@@@@@*                                         
4,4,4|                             -%@@@@@@@@@@@@@@@@@@@@@@@-                                         
0,0,0|                               -*@@@@@@@@@@@@@@@@@@@*:                                          
0,0,0|                                  :==%@@@@@@@@@@@@@@#+-                                         
0,0,0|                                    :@@@@@@@@@@@@@@@@@@@#=.                                     
0,0,0|                                    #@@@@@@@@@@@@@@@@@@@@@@#*%*:                                
0,0,0|                                    @@@@@@@@@@@@@@@@@@@@@@@@@@@@%+.                             
0,0,0|                                   :##@@@@@@@@@@@@@@@@@%=%@@@@@@@@@%+:                          
0,0,0|                                     -@@@@@@@@@@@@@@@@@@=:@@@@@@@@@@@@.                         
0,0,0|                                     -@@@@@@@@@@@@@@@@@@@+@@@@@@@@@@@@@*:                       
0,0,0|                                     :@@@@@@@@@@@@@@@@@@@@@@@@@@@@@@@@@@@%=                     
0,0,0|                                     :@@@@@@@@@@@@@@@@@@@@@@@@@@@@%-+%@@@@@@+.                  
0,0,0|                                     .@@@@@@@@@@@@@@@@@@@@@@@@@@@@*   -#@@@@@@@#-:              
0,0,0|                                      %@@@@@@@@@@@@@@@@@@@@@@@@@@@@@.   :*@@@@@@@@+:            
0,0,0|                                      #@@@@@@@@@@@@@@@@@@@@@@@@@@@*.    .#@@@@@@@@@@.           
0,0,0|                                      *@@@@@@@@@@@@@@@@@@@@@@@@@@@##%%%@@@@@@@@@@@@@+           
0,0,0|                                      *@@@@@@@@@@@@@@@@@@@@@@@@@@@@@@@@@@@@@@@@@@@@@@%:         
0,0,0|                                      +@@@@@@@@@@@@@@@@@@@@@@@@@@@@@@@@@@@@@@@%+:#@@@@@+        
0,0,0|                                      =@@@@@@@@@@@@@@@@@@@++*##%%@@@@@@@@@@@@*    -%@@@@%:      
0,0,0|                                      -@@@@@@@@@@@@@@@@@#.       ..-=#@@@@@@@.      *@@@@@-     
255,255,255|