0,0,0|                                                                                                
0,0,0|                                                                                                
0,0,0|                                                                                                
0,0,0|                                                                                                
0,0,0|                                                                                                
0,0,0|                                                                                                
0,0,0|                                                                                    .-+****=-.  
0,0,0|                                                                                 .+%@@@@@@@@@%#+
0,0,0|                                                                                =@@@@@@@@@@@@@@@
0,0,0|                                                                               =@@@@@@@@@@@@@@@@
0,0,0|                                                                              =@@@@@@@@@@@@@@@@@
0,0,0|                                                                              +@@@@@@@@@@@@@@@@@
0,0,0|                                                                               #@@@@@@@@@@@@@@@@
0,0,0|                                                                                .==@@@@@@@@@@@@@
0,0,0|                                  :+.                                              -@@@@@@@@@@@@
0,0,0|                                  :.                                                #@@@@@@@@@@@
2,2,2|                                                 :---::::::::.....                    :#@@@@@@@@
0,0,0|                                          .=--*%@@@@@@@@@@@@@@@@@@@@@@@%%%%%####*++===+@@@@@@@@@
43,43,43|..::--=++***###########**+=-:.    .:-=*#*+%@@@@@@@@@@@@@@@@@@@@@@@@@@@@@@@@@@@@@@@@@@@@@@@@@@@@@
255,255,255|@@@@@@@@@@@@@@@@@@@@@@@@@@@@@@@%%@@@@@@@@@@@@@@@%@@%%%####**######%%%@@@@@@@@@@@@@@@@@@@@@@@@@@@
92,92,92|-=++*#%%@@@@@@@@@@@@@@@@@@@@@@@@@@@@@@@@@%#%@@@%%%%#:                  ...::-==+**#%@@@@@@@@@@@@
0,0,0|         .::--==++*******+=-::...:=+#%@@*-  .=-  ..+%-                              +@@@@@@@@@@@
4,4,4|                                      .::.          %+                               %@@@@@@@@@@
0,0,0|                                              ..  :*#:                               .%@@@@@@@@@
0,0,0|                                             .#%%%#+.                                  %@@@@@@@@
0,0,0|                                                ..                                     .@@@@@@@@
0,0,0|                                                                                        *@@@@@@@
0,0,0|                                                              :=                        #@@@@@@@
0,0,0|                                                                                       *@@@@@@@@
0,0,0|         .:.                                                                          .---+@@@@@
0,0,0|          .                                                                              .+@@@@@
0,0,0|                                                                                         :@@@@@@
0,0,0|                                                                                        .#@@@@@@
0,0,0|                                                                                       +@@@@@@@@
0,0,0|                                                                                     .#@@@@@@@@@
0,0,0|                                                                                    .%@@@@@@@@@@
255,255,255|