0,0,0|                                                                                                
0,0,0|                                :=*#%@%#+:       .::.                                           
0,0,0|                            .-*@@@@@@@@@@@%+-=*#%@@@@.                                          
0,0,0|                          :*@@@@@@@@@@@@@@@@@@@@@@@%-                                           
0,0,0|                        .#@@@@@@@@@@@@@@@@@@@@@@@%+                                             
0,0,0|                        @@@@@@@@@@@@@@@@@@@@@@@@@-                                              
0,0,0|                       .@@@@@@@@@@@@@@@@@@@@@@@@@@#:                                            
0,0,0|                        %@@@@@@@@@@@@@@@@@@@@@@@@@@%:                                           
0,0,0|                        +@@@@@@@@@@@@@@@@@@@@@@@@@@*                                            
0,0,0|                       :#@@@@@@@@@@@@@@@@@@@@@@@@%=                                             
0,0,0|                     .#@@@@@@@@@@@@@@@@@@@@@@@@@@+                                              
4,4,4|                    =@@@@@@@@@@@@@@@@@@@@@@@@@@@@@#.                                            
0,0,0|                    =##*+@@@@@@@@@@@@@@@@@@@@@@@@@.                                             
147,147,147|+***######***++==-::    :%@@@@@@@@@@@@@@@@@@@@@@@=                                              
255,255,255|@@@@@@@@@@@@@@@@@@@@@@%@@@@@@@@@@@@@@@@@@@@@@@@@*                                               
239,239,239|@@%%%%%%%%%@@@@@@@@@@@@@@@@@@@@@@@@@@@@@@@@@@@@+                                                
24,24,24|            ...:--=+*#@@@@@@@@@@@@@@@@@@@@@@@@@:                                                
0,0,0|                      :@@@@@@@@@@@@@@@@@@@@@@*:                                                 
1,1,1|                       :#@@@@@@@@@@@@@@@@@@@@@#*=:                                              
0,0,0|                         :+%@@@@@@@@@@@@@@@@@@@@@@%*=:                                          
0,0,0|                            .::@@@@@@@@@@@@@@@@@@@@@@@%#%%+:                                    
0,0,0|                               @@@@@@@@@@@@@@@@@@@@@@@@@@@@@@*=.                                
0,0,0|                              .%@@@@@@@@@@@@@@@@@@@%#@@@@@@@@@@@%:                              
0,0,0|                               -+@@@@@@@@@@@@@@@@@@@++@@@@@@@@@@@%=.                            
0,0,0|                                .@@@@@@@@@@@@@@@@@@@@*@@@@@@@@@@@@@@#=.                         
0,0,0|                                -@@@@@@@@@@@@@@@@@@@@@@@@@@@@@@%@@@@@@@#-                       
0,0,0|                                :@@@@@@@@@@@@@@@@@@@@@@@@@@@@@*  -*@@@@@@@#%+:                  
0,0,0|                                 *@@@@@@@@@@@@@@@@@@@@@@@@@@@@@#.   -#@@@@@@@@%-                
0,0,0|                                  :%@@@@@@@@@@@@@@@@@@@@@@@@@@@*      *@@@@@@@@@#               
0,0,0|                                   =@@@@@@@@@@@@@@@@@@@@@@@@@@+--==+*#@@@@@@@@@@@+              
0,0,0|                                   .@@@@@@@@@@@@@@@@@@@@@@@@@@@@@@@@@@@@@@@@@@@@@@%-            
0,0,0|                                    #@@@@@@@@@@@@@@@@@@@@@@@@@@@@@@@@@@@@@@@#:+@@@@@#:          
0,0,0|                                    +@@@@@@@@@@@@@@@@@@@@@@@@@@@@@@@@@@@@@#.   .+@@@@@*.        
0,0,0|                                    =@@@@@@@@@@@@@@@@%-----==++*#%@@@@@@@@-      .#@@@@@-       
0,0,0|                                    :@@@@@@@@@@@@@@@*              .-=*#%+         -%@@@@*.     
0,0,0|                                    +@@@@@@@@@@@@@@@=                                *@@@@%:    
255,255,255|