0,0,0|                                                  .:-====-:                                     
0,0,0|                                            :=*#%%@@@@@@@@@@+                                   
0,0,0|                                          =%@@@@@@@@@@@@@@@@@%-                                 
0,0,0|                                         +@@@@@@@@@@@@@@@@@@@@@*::::::.                         
0,0,0|                                        .@@@@@@@@@@@@@@@@@@@@@@@@@@@@@@@#                       
0,0,0|                                        #@@@@@@@@@@@@@@@@@@@@@@@@@@@@@%+:                       
0,0,0|                                      :*@@@@@@@@@@@@@@@@@@@@@@@@@@#*-.                          
0,0,0|                                   -*%@@@@@@@@@@@@@@@@@@@@@@@@@@@@+                             
0,0,0|                                 :@@@@@@@@@@@@@@@@@@@@@@@@@@@@@@@@@-                            
0,0,0|                                  :=+%@@@@@@@@@@@@@@@@@@@@@@@@@@@@@#.                           
4,4,4|                                     @@@@@@@@@@@@@@@@@@@@@@@@@@@@@%                             
0,0,0|     .:-==+++++++==--::.          -#@@@@@@@@@@@@@@@@@@@@@@@@@@@*+:.                             
116,116,116|=+*%@@@@@@@@@@@@@@@@@@@@@%%#*+-:.:@@@@@@@@@@@@@@@@@@@@@@@@@@@@*                                 
255,255,255|@@@@@@@@@@@@@@@@@@@@@@@@@@@@@@@@@@@@@@@@@@@@@@@@@@@@@@@@@@@@@@%:                                
255,255,255|@@@@#+=-::......::--=+**#%@@@@@@@@@@@@@@@@@@@@@@@@@@@@@@@@@@@-                                  
159,159,159|*=:                        .:=+#%@@@@@@@@@@@@@@@@@@@@@@@@@@@%                                   
0,0,0|                                  :=+%@@@@@@@@@@@@@@@@@@@@@@%                                   
4,4,4|                                      :+#%%@@@@@@@@@@@@@@@@@-                                   
0,0,0|                                          =@@@@@@@@@@@@@@@%-                                    
0,0,0|                                         .@@@@@@@@@@@@@@@@@@#=.                                 
0,0,0|                                         *@@@@@@@@@@@@@@@@@@@@@#+: .                            
0,0,0|                                         %@@@@@@@@@@@@@@@@@@@@@@@@@@@+:                         
0,0,0|                                        -%%@@@@@@@@@@@@@@@@@@@@@@@@@@@@%=:                      
0,0,0|                                        : #@@@@@@@@@@@@@@@@@@+:%@@@@@@@@@@#+                    
0,0,0|                                          #@@@@@@@@@@@@@@@@@@@:=@@@@@@@@@@@@=                   
0,0,0|                                          #@@@@@@@@@@@@@@@@@@@*+@@@@@@@@@@@@@%=.                
0,0,0|                                          #@@@@@@@@@@@@@@@@@@@@@@@@@@@@@@@@@@@@@*:              
0,0,0|                                          *@@@@@@@@@@@@@@@@@@@@@@@@@@@@@%-=%@@@@@@#:.           
0,0,0|                                          *@@@@@@@@@@@@@@@@@@@@@@@@@@@@@%-  -#@@@@@@@%+-        
0,0,0|                                          +@@@@@@@@@@@@@@@@@@@@@@@@@@@@@@@-   .#@@@@@@@@*-      
0,0,0|                                          =@@@@@@@@@@@@@@@@@@@@@@@@@@@@@#:  ..-@@@@@@@@@@@:     
0,0,0|                                          =@@@@@@@@@@@@@@@@@@@@@@@@@@@@@%@@@@@@@@@@@@@@@@@*     
0,0,0|                                          -@@@@@@@@@@@@@@@@@@@@@@@@@@@@@@@@@@@@@@@@@@@@@@@@%:   
0,0,0|                                          :@@@@@@@@@@@@@@@@@@@@@@@@@@@@@@@@@@@@@@@@@%=-%@@@@@+  
0,0,0|                                          .@@@@@@@@@@@@@@@@@@@@*-=+**#%@@@@@@@@@@@@-    +@@@@@#:
0,0,0|                                          :@@@@@@@@@@@@@@@@@@%-        .:=*%@@@@@@*      :%@@@@@
255,255,255|