0,0,0|                                                                                                
0,0,0|                                       .:---:                                                   
0,0,0|                                   :+#%@@@@@@%*:       ..                                       
0,0,0|                               .-#%@@@@@@@@@@@@@%==*#%@@@@-                                     
0,0,0|                             .+@@@@@@@@@@@@@@@@@@@@@@@@@@=                                      
0,0,0|                            :@@@@@@@@@@@@@@@@@@@@@@@@@%=                                        
0,0,0|                            =@@@@@@@@@@@@@@@@@@@@@@@@#                                          
0,0,0|                            =@@@@@@@@@@@@@@@@@@@@@@@@@%-                                        
0,0,0|                            :@@@@@@@@@@@@@@@@@@@@@@@@@@@=                                       
0,0,0|                            +@@@@@@@@@@@@@@@@@@@@@@@@@@@:                                       
3,3,3|                         .+@@@@@@@@@@@@@@@@@@@@@@@@@@@*.                                        
0,0,0|                        =@@@@@@@@@@@@@@@@@@@@@@@@@@@@=                                          
56,56,56|::--======---::..       +##+#@@@@@@@@@@@@@@@@@@@@@@@@@+                                         
255,255,255|@@@@@@@@@@@@@@@@@@%%#*+-:. .+@@@@@@@@@@@@@@@@@@@@@@@@*                                          
255,255,255|@@@@@@@@@@@@@@@@@@@@@@@@@@@@@@@@@@@@@@@@@@@@@@@@@@@@#                                           
101,101,101|--:......:::--=+**#%@@@@@@@@@@@@@@@@@@@@@@@@@@@@@@@#                                            
0,0,0|                     .:-+#@@@@@@@@@@@@@@@@@@@@@@@@+                                             
4,4,4|                         .@@@@@@@@@@@@@@@@@@@@@@@%                                              
0,0,0|                          :#@@@@@@@@@@@@@@@@@@@@%:                                              
0,0,0|                            :*%@@@@@@@@@@@@@@@@@@@%*=.                                          
0,0,0|                               :--%@@@@@@@@@@@@@@@@@@@%+:                                       
0,0,0|                                  %@@@@@@@@@@@@@@@@@@@@@@%%@#-.                                 
0,0,0|                                 .@@@@@@@@@@@@@@@@@@@@@@@@@@@@@*-.                              
0,0,0|                                 :#%@@@@@@@@@@@@@@@@@#-#@@@@@@@@@@#-                            
0,0,0|                                 . :@@@@@@@@@@@@@@@@@@=-@@@@@@@@@@@@:                           
0,0,0|                                   :@@@@@@@@@@@@@@@@@@@*@@@@@@@@@@@@@%+.                        
0,0,0|                                   =@@@@@@@@@@@@@@@@@@@@@@@@@@@@@@@@@@@@#-                      
0,0,0|                                   -@@@@@@@@@@@@@@@@@@@@@@@@@@@@+ :*@@@@@@%==:                  
0,0,0|                                    %@@@@@@@@@@@@@@@@@@@@@@@@@@@#-  .=%@@@@@@@#+                
0,0,0|                                    =@@@@@@@@@@@@@@@@@@@@@@@@@@@@*     =@@@@@@@@%=              
0,0,0|                                    :@@@@@@@@@@@@@@@@@@@@@@@@@@%-..::-=%@@@@@@@@@@:             
0,0,0|                                    .@@@@@@@@@@@@@@@@@@@@@@@@@@@@@@@@@@@@@@@@@@@@@%-            
0,0,0|                                     @@@@@@@@@@@@@@@@@@@@@@@@@@@@@@@@@@@@@@@@@#@@@@@*.          
0,0,0|                                     %@@@@@@@@@@@@@@@@@@@@@@@@@@@@@@@@@@@@@@+: :#@@@@@=         
0,0,0|                                     *@@@@@@@@@@@@@@@@@#---==+*##%@@@@@@@@@+     -%@@@@*.       
0,0,0|                                     *@@@@@@@@@@@@@@@@+           .:=#@@@@@.      .#@@@@%:      
255,255,255|