0,0,0|                                                                                                
0,0,0|                                            .:-=++++=-                                          
0,0,0|                                       .=*#%@@@@@@@@@@@=                                        
0,0,0|                                     =%@@@@@@@@@@@@@@@@@%-                                      
0,0,0|                                    *@@@@@@@@@@@@@@@@@@@@@##%%%%%%*.                            
0,0,0|                                   .@@@@@@@@@@@@@@@@@@@@@@@@@@@@@@*                             
0,0,0|                                   +@@@@@@@@@@@@@@@@@@@@@@@@@@%+:                               
0,0,0|                                  :@@@@@@@@@@@@@@@@@@@@@@@@@@-                                  
0,0,0|                               .=#@@@@@@@@@@@@@@@@@@@@@@@@@@@@:                                 
0,0,0|                             :#@@@@@@@@@@@@@@@@@@@@@@@@@@@@@@@%.                                
3,3,3|                             =##%@@@@@@@@@@@@@@@@@@@@@@@@@@@@@-.                                
0,0,0|                                .@@@@@@@@@@@@@@@@@@@@@@@@@@%*-                                  
77,77,77|-=+*##%%%%%%%###**+=-::.      =#@@@@@@@@@@@@@@@@@@@@@@@@@@=                                     
255,255,255|@@@@@@@@@@@@@@@@@@@@@@@@@%#*=+@@@@@@@@@@@@@@@@@@@@@@@@@@@@%.                                    
255,255,255|@@@@%########%%%@@@@@@@@@@@@@@@@@@@@@@@@@@@@@@@@@@@@@@@@@*.                                     
115,115,115|=:.              ..:-=+*%%@@@@@@@@@@@@@@@@@@@@@@@@@@@@@@*                                       
0,0,0|                          .:=+#@@@@@@@@@@@@@@@@@@@@@@@@@+                                       
4,4,4|                               :*@@@@@@@@@@@@@@@@@@@@@@@:                                       
0,0,0|                                 .=*%@%@@@@@@@@@@@@@@@*.                                        
0,0,0|                                      +@@@@@@@@@@@@@@@#=:                                       
0,0,0|                                     .@@@@@@@@@@@@@@@@@@@%+-                                    
0,0,0|                                     =@@@@@@@@@@@@@@@@@@@@@@@*##=                               
0,0,0|                                     #@@@@@@@@@@@@@@@@@@@@@@@@@@@@#:                            
0,0,0|                                    .++@@@@@@@@@@@@@@@@@@+*@@@@@@@@@@*-                         
0,0,0|                                      :@@@@@@@@@@@@@@@@@@#.%@@@@@@@@@@@+                        
0,0,0|                                      :@@@@@@@@@@@@@@@@@@@+%@@@@@@@@@@@@#-                      
0,0,0|                                      .@@@@@@@@@@@@@@@@@@@@@@@@@@@@@@@@@@@@+.                   
0,0,0|                                      .@@@@@@@@@@@@@@@@@@@@@@@@@@@@@+=%@@@@@@*:                 
0,0,0|                                       @@@@@@@@@@@@@@@@@@@@@@@@@@@@%:  :*@@@@@@@%=:             
0,0,0|                                       %@@@@@@@@@@@@@@@@@@@@@@@@@@@@@+   .+@@@@@@@@*-           
0,0,0|                                       #@@@@@@@@@@@@@@@@@@@@@@@@@@@%-     =@@@@@@@@@@-          
0,0,0|                                       #@@@@@@@@@@@@@@@@@@@@@@@@@@@%##%%%@@@@@@@@@@@@%.         
0,0,0|                                       *@@@@@@@@@@@@@@@@@@@@@@@@@@@@@@@@@@@@@@@@@@@@@@@-        
0,0,0|                                       +@@@@@@@@@@@@@@@@@@@@@@@@@@@@@@@@@@@@@@@@#-*@@@@@#.      
0,0,0|                                       =@@@@@@@@@@@@@@@@@@@#+*##%%@@@@@@@@@@@@%.   :%@@@@@-     
0,0,0|                                       -@@@@@@@@@@@@@@@@@@-       .:-+#@@@@@@@=      +@@@@@+    
255,255,255|