0,0,0|                                                                                                
0,0,0|                                         ..                                                     
0,0,0|                                    -+#%@@@%*-                                                  
0,0,0|                                .=#@@@@@@@@@@@@*:-=*#%@@=                                       
0,0,0|                              -#@@@@@@@@@@@@@@@@@@@@@@@+                                        
0,0,0|                             *@@@@@@@@@@@@@@@@@@@@@@%+.                                         
0,0,0|                            :@@@@@@@@@@@@@@@@@@@@@@@=                                           
0,0,0|                            .@@@@@@@@@@@@@@@@@@@@@@@@%-                                         
0,0,0|                             @@@@@@@@@@@@@@@@@@@@@@@@@%.                                        
0,0,0|                            :@@@@@@@@@@@@@@@@@@@@@@@@@=                                         
0,0,0|                          :#@@@@@@@@@@@@@@@@@@@@@@@@+.                                          
0,0,0|                         #@@@@@@@@@@@@@@@@@@@@@@@@@@+.                                          
0,0,0|                         =+=:#@@@@@@@@@@@@@@@@@@@@@@@:                                          
2,2,2|                           .=%@@@@@@@@@@@@@@@@@@@@@@:                                           
0,0,0|    ..::::-----:::...     =@@@@@@@@@@@@@@@@@@@@@@@@:                                            
181,181,181|##%@@@@@@@@@@@@@@@@@@@%%#*%@@@@@@@@@@@@@@@@@@@@@@@+                                             
255,255,255|@@@@@@@@@@@@@@@@@@@@@@@@@@@@@@@@@@@@@@@@@@@@@@@@@@                                              
200,200,200|#*+==-::::.:::::---=++*#%%@@@@@@@@@@@@@@@@@@@@@#=.                                              
0,0,0|                          ..-*@@@@@@@@@@@@@@@@@%-                                               
1,1,1|                               :=+#@@@@@@@@@@@@@@@#+-.                                          
0,0,0|                                  =@@@@@@@@@@@@@@@@@@@%*#%+-.                                   
0,0,0|                                  *@@@@@@@@@@@@@@@@@@@@@@@@@@#+-.                               
0,0,0|                                  +%@@@@@@@@@@@@@@@@@@@@@@@@@@@@@-                              
0,0,0|                                   .%@@@@@@@@@@@@@@@@@@@@@@@@@@@@@#=.                           
0,0,0|                                   .@@@@@@@@@@@@@@@@@@@@@@@@@@@@@@@@@%+:                        
0,0,0|                                   :@@@@@@@@@@@@@@@@@@@@@@@@@@@*+%@@@@@@%=:-:                   
0,0,0|                                    #@@@@@@@@@@@@@@@@@@@@@@@@@%.  :=#@@@@@@@@#+                 
0,0,0|                                     #@@@@@@@@@@@@@@@@@@@@@@@@@@=     =@@@@@@@@%-               
0,0,0|                                     -@@@@@@@@@@@@@@@@@@@@@@@@@+:..:--*@@@@@@@@@@:              
0,0,0|                                     .@@@@@@@@@@@@@@@@@@@@@@@@@@@@@@@@@@@@@@@@@@@@*:            
0,0,0|                                      %@@@@@@@@@@@@@@@@@@@@@@@@@@@@@@@@@@@@@@=*@@@@@*.          
0,0,0|                                      #@@@@@@@@@@@@@@@@@@@@@@@@@@@@@@@@@@@@=   .+@@@@@+         
0,0,0|                                      +@@@@@@@@@@@@@@@*:--===++*#%@@@@@@@@#      .*@@@@%-       
0,0,0|                                      =@@@@@@@@@@@@@@=             .-+*%@%.        :#@@@@*.     
0,0,0|                                      #@@@@@@@@@@@@@@-                               -%@@@@-    
0,0,0|                                     +@@@@@@@@@@@@@@@+                                .*@@@@+   
255,255,255|