0,0,0|                                                                                                
0,0,0|                                 .-=*##*=:                                                      
0,0,0|                              .+%@@@@@@@@@%+:.:=*#%@@#                                          
0,0,0|                           :+%@@@@@@@@@@@@@@@@@@@@@@%:                                          
0,0,0|                         .*@@@@@@@@@@@@@@@@@@@@@@@%+                                            
0,0,0|                        .@@@@@@@@@@@@@@@@@@@@@@@@%.                                             
0,0,0|                        -@@@@@@@@@@@@@@@@@@@@@@@@@%=.                                           
0,0,0|                        :@@@@@@@@@@@@@@@@@@@@@@@@@@@*.                                          
0,0,0|                         %@@@@@@@@@@@@@@@@@@@@@@@@@@+                                           
0,0,0|                        .%@@@@@@@@@@@@@@@@@@@@@@@@%=                                            
2,2,2|                      .+@@@@@@@@@@@@@@@@@@@@@@@@@@-                                             
0,0,0|                     -@@@@@@@@@@@@@@@@@@@@@@@@@@@@@*                                            
26,26,26|...:::::::....       #@%%#@@@@@@@@@@@@@@@@@@@@@@@@@.                                            
240,240,240|@@@@@@@@@@@@@@@%%##*+==-. %@@@@@@@@@@@@@@@@@@@@@@@=                                             
255,255,255|@@@@@@@@@@@@@@@@@@@@@@@@@@@@@@@@@@@@@@@@@@@@@@@@@*                                              
135,135,135|+==------==++**#%%@@@@@@@@@@@@@@@@@@@@@@@@@@@@@@-                                               
0,0,0|                   .:-=@@@@@@@@@@@@@@@@@@@@@@@@%                                                
4,4,4|                       +@@@@@@@@@@@@@@@@@@@@@@#.                                                
0,0,0|                        *@@@@@@@@@@@@@@@@@@@@@%#+-                                              
0,0,0|                         :*%@@@@@@@@@@@@@@@@@@@@@@@#+:                                          
0,0,0|                            :=+*@@@@@@@@@@@@@@@@@@@@@@@*=**:                                    
0,0,0|                               .@@@@@@@@@@@@@@@@@@@@@@@@@@@@%+:.                                
0,0,0|                               :@@@@@@@@@@@@@@@@@@@@##@@@@@@@@@@*=                              
0,0,0|                                ++@@@@@@@@@@@@@@@@@@#:#@@@@@@@@@@@=                             
0,0,0|                                 :@@@@@@@@@@@@@@@@@@@+*@@@@@@@@@@@@@*:                          
0,0,0|                                 =@@@@@@@@@@@@@@@@@@@@@@@@@@@@@@@@@@@@%+.                       
0,0,0|                                 =@@@@@@@@@@@@@@@@@@@@@@@@@@@@@=.+%@@@@@@#--:                   
0,0,0|                                 .@@@@@@@@@@@@@@@@@@@@@@@@@@@@@+.  :*@@@@@@@@#+                 
0,0,0|                                  .#@@@@@@@@@@@@@@@@@@@@@@@@@@@@+     =@@@@@@@@%+               
0,0,0|                                   :@@@@@@@@@@@@@@@@@@@@@@@@@@%-  ..::*@@@@@@@@@@-              
0,0,0|                                    %@@@@@@@@@@@@@@@@@@@@@@@@@%%@@@@@@@@@@@@@@@@@@=             
0,0,0|                                    *@@@@@@@@@@@@@@@@@@@@@@@@@@@@@@@@@@@@@@@@%@@@@@%-           
0,0,0|                                    =@@@@@@@@@@@@@@@@@@@@@@@@@@@@@@@@@@@@@@*- .+@@@@@*.         
0,0,0|                                    :@@@@@@@@@@@@@@@@@%+**###%%@@@@@@@@@@@#     .*@@@@@=        
0,0,0|                                    .@@@@@@@@@@@@@@@@+          .:-+#%@@@@:       -%@@@@*.      
0,0,0|                                    :@@@@@@@@@@@@@@@*                 .:-:          *@@@@%:     
255,255,255|