0,0,0|                                               .-+#%%@@@@@@@@@%=                                
0,0,0|                                             =#@@@@@@@@@@@@@@@@@#.                              
0,0,0|                                            #@@@@@@@@@@@@@@@@@@@@@=......                       
0,0,0|                                           -@@@@@@@@@@@@@@@@@@@@@@@@@@@@@@@#                    
0,0,0|                                           %@@@@@@@@@@@@@@@@@@@@@@@@@@@@@@%=                    
0,0,0|                                         .#@@@@@@@@@@@@@@@@@@@@@@@@@@@%*=.                      
0,0,0|                                      :+#@@@@@@@@@@@@@@@@@@@@@@@@@@@@-                          
0,0,0|                                    =%@@@@@@@@@@@@@@@@@@@@@@@@@@@@@@@%                          
0,0,0|                                    =#%%@@@@@@@@@@@@@@@@@@@@@@@@@@@@@@#                         
0,0,0|                                       -@@@@@@@@@@@@@@@@@@@@@@@@@@@@@@:.                        
0,0,0|             ......                  :+%@@@@@@@@@@@@@@@@@@@@@@@@@@@#+-                          
0,0,0|    .:=+*#%%@@@@@@@@@@%%##*+=-::.   -@@@@@@@@@@@@@@@@@@@@@@@@@@@@+                              
210,210,210|%%%@@@@@@@@@@@@@@@@@@@@@@@@@@@@@@%#*%@@@@@@@@@@@@@@@@@@@@@@@@@@@@%.                             
255,255,255|@@@@@@@@@%%#********##%%@@@@@@@@@@@@@@@@@@@@@@@@@@@@@@@@@@@@@@@@+:                              
255,255,255|@@@@%*=:.                .:-=+*#%@@@@@@@@@@@@@@@@@@@@@@@@@@@@@@-                                
136,136,136|+=:.                             .:-+#%@@@@@@@@@@@@@@@@@@@@@@@@.                                
0,0,0|                                       .=#@@@@@@@@@@@@@@@@@@@@%                                 
4,4,4|                                          .--#@@@@@@@@@@@@@@@#.                                 
0,0,0|                                            .@@@@@@@@@@@@@@@@%+-                                
0,0,0|                                            #@@@@@@@@@@@@@@@@@@@@*-.                            
0,0,0|                                           .@@@@@@@@@@@@@@@@@@@@@@@@#==+:                       
0,0,0|                                           +@@@@@@@@@@@@@@@@@@@@@@@@@@@@@#+.                    
0,0,0|                                           =-@@@@@@@@@@@@@@@@@@@**@@@@@@@@@@#=.                 
0,0,0|                                            :@@@@@@@@@@@@@@@@@@@%.:@@@@@@@@@@@@#                
0,0,0|                                            :@@@@@@@@@@@@@@@@@@@@+ %@@@@@@@@@@@@+.              
0,0,0|                                            :@@@@@@@@@@@@@@@@@@@@*-@@@@@@@@@@@@@@@*:            
0,0,0|                                            :@@@@@@@@@@@@@@@@@@@@@@@@@@@@@@@@@@@@@@@#-          
0,0,0|                                            .@@@@@@@@@@@@@@@@@@@@@@@@@@@@@@@#.-#@@@@@@%=-.      
0,0,0|                                            .@@@@@@@@@@@@@@@@@@@@@@@@@@@@@@@@*  :*@@@@@@@@#+    
0,0,0|                                             %@@@@@@@@@@@@@@@@@@@@@@@@@@@@@@@%.   -@@@@@@@@@%=  
0,0,0|                                             %@@@@@@@@@@@@@@@@@@@@@@@@@@@@@@*:::--%@@@@@@@@@@@. 
0,0,0|                                             %@@@@@@@@@@@@@@@@@@@@@@@@@@@@@@@@@@@@@@@@@@@@@@@@* 
0,0,0|                                             #@@@@@@@@@@@@@@@@@@@@@@@@@@@@@@@@@@@@@@@@@@@@@@@@@%
0,0,0|                                             *@@@@@@@@@@@@@@@@@@@@@@@@@@@@@@@@@@@@@@@@@%+.-%@@@@
0,0,0|                                             +@@@@@@@@@@@@@@@@@@@@*..:-=+*#%@@@@@@@@@@+     +@@@
0,0,0|                                             #@@@@@@@@@@@@@@@@@@%:          .-+%@@@@@@       -@@
255,255,255|