255,255,255|@@@@@@@@@@@@@@@@@@@@@%                                                                       -++
255,255,255|@@@@@@@@@@@@@@@@@@@@@-                                                                          
255,255,255|@@@@@@@@@@@@@@@@@@@@%                                                                           
255,255,255|@@@@@@@@@@@@@@@@@@@@:                                                                           
255,255,255|@@@@@@@@@@@@@@@@@@@#                                                                            
255,255,255|@@@@@@@@@@@@@@@@@@@:                                                                            
255,255,255|@@@@@@@@@@@@@@@@@@#                                                                             
255,255,255|@@@@@@@@@@@@@@@@@@:                                                                             
255,255,255|@@@@@@@@@@@@@@@@@#                                                                              
255,255,255|@@@@@@@@@@@@@@@@@-                                                                              
255,255,255|@@@@@@@@@@@@@@@@@                                                                               
255,255,255|@@@@@@@@@@@@@@@@*                                                                               
255,255,255|@@@@@@@@@@@@@@@@:                                                                               
255,255,255|@@@@@@@@@@@@@@@@                                                                                
255,255,255|@@@@@@@@@@@@@@@#                                                                                
255,255,255|@@@@@@@@@@@@@@@=                                                                                
255,255,255|@@@@@@@@@@@@@@@-                                                                                
255,255,255|@@@@@@@@@@@@@@@.                                                                                
255,255,255|@@@@@@@@@@@@@@@                                                                                 
255,255,255|@@@@@@@@@@@@@@%                                                                                 
255,255,255|@@@@@@@@@@@@@@#                                                                                 
255,255,255|@@@@@@@@@@@@@@*                                                                                 
255,255,255|@@@@@@@@@@@@@@*                                                                                 
255,255,255|@@@@@@@@@@@@@@#                                                                                 
255,255,255|@@@@@@@@@@@@@@%                                                                                 
255,255,255|@@@@@@@@@@@@@@%                                                                                 
255,255,255|@@@@@@@@@@@@@@@                                                                                 
255,255,255|@@@@@@@@@@@@@@@:                                                                                
254,254,254|@@@@@@@@@@@@@@@-                                                                                
255,255,255|@@@@@@@@@@@@@@@+                                                                               .
168,168,168|*@@@@@@@@@@@@@@%                                                                              -%
20,20,20| %@@@@@@@@@@@@@@.                                                                            =@@
0,0,0| :@@@@@@@@@@@@@@=                                                                           =@@@
3,3,3|  =@@@@@@@@@@@@@%                                                                          -@@@@
0,0,0|   +@@@@@@@@@@@@@:                                                                        .%@@@@
0,0,0|    *@@@@@@@@@@@@*                                                                        *@@@@@
255,255,255|