0,0,0|                                                                                                
0,0,0|                                                                                                
0,0,0|                                    .:+*%%@%*-                                                  
0,0,0|                                 :=*@@@@@@@@@@@*:.-=+#%%*                                       
0,0,0|                               =%@@@@@@@@@@@@@@@@@@@@@@%:                                       
0,0,0|                             .%@@@@@@@@@@@@@@@@@@@@@@*-                                         
0,0,0|                             +@@@@@@@@@@@@@@@@@@@@@@*                                           
0,0,0|                             +@@@@@@@@@@@@@@@@@@@@@@@%-                                         
0,0,0|                             -@@@@@@@@@@@@@@@@@@@@@@@@@:                                        
0,0,0|                             +@@@@@@@@@@@@@@@@@@@@@@@@*                                         
0,0,0|                           =%@@@@@@@@@@@@@@@@@@@@@@@#:                                          
0,0,0|                         :@@@@@@@@@@@@@@@@@@@@@@@@@@*:                                          
0,0,0|                         :==:=@@@@@@@@@@@@@@@@@@@@@@@=                                          
4,4,4|                            -*@@@@@@@@@@@@@@@@@@@@@@=                                           
0,0,0|     ..:::----:-:::...     %@@@@@@@@@@@@@@@@@@@@@@@=                                            
154,154,154|*#%%@@@@@@@@@@@@@@@@@@@%%##@@@@@@@@@@@@@@@@@@@@@@@#                                             
255,255,255|@@@@@@@@@@@@@@@@@@@@@@@@@@@@@@@@@@@@@@@@@@@@@@@@@@:                                             
222,222,222|%#*+=-:::....:::::--==+*##%@@@@@@@@@@@@@@@@@@@@%=.                                              
9,9,9|                            .-*@@@@@@@@@@@@@@@@@+.                                              
0,0,0|                                :-=@@@@@@@@@@@@@@@%#=:.                                         
1,1,1|                                   @@@@@@@@@@@@@@@@@@@@#%@#=:                                   
0,0,0|                                  .@@@@@@@@@@@@@@@@@@@@@@@@@@%#=:                               
0,0,0|                                  .#%@@@@@@@@@@@@@@@@@@@@@@@@@@@@=                              
0,0,0|                                    =@@@@@@@@@@@@@@@@@@@@@@@@@@@@@%*-                           
0,0,0|                                    #@@@@@@@@@@@@@@@@@@@@@@@@@@@@@@@@@*-                        
0,0,0|                                    #@@@@@@@@@@@@@@@@@@@@@@@@@@--*%@@@@@@*=+-                   
0,0,0|                                    :%@@@@@@@@@@@@@@@@@@@@@@@@@-   :*%@@@@@@@@+.                
0,0,0|                                     :@@@@@@@@@@@@@@@@@@@@@@@@@@-     =@@@@@@@@@-               
0,0,0|                                      @@@@@@@@@@@@@@@@@@@@@@@@@+--==+*%@@@@@@@@@@:              
0,0,0|                                      *@@@@@@@@@@@@@@@@@@@@@@@@@@@@@@@@@@@@@@@@@@@#-            
0,0,0|                                      +@@@@@@@@@@@@@@@@@@@@@@@@@@@@@@@@@@@@@*:=%@@@@#:          
0,0,0|                                      -@@@@@@@@@@@@@@@@%@@@@@@@@@@@@@@@@@@%.    =%@@@@*.        
0,0,0|                                      :@@@@@@@@@@@@@@@=  ...:::-=+*%@@@@@@=       =@@@@@=       
0,0,0|                                      .@@@@@@@@@@@@@@=               :-+*=         .+@@@@#.     
0,0,0|                                      *@@@@@@@@@@@@@@=                               :#@@@@=    
0,0,0|                                     +@@@@@@@@@@@@@@@#                                 +@@@@*   
255,255,255|