255,255,255|@@@@@@@@@@@@@@@@@@@@@+                                                                          
255,255,255|@@@@@@@@@@@@@@@@@@@@@:                                                                          
255,255,255|@@@@@@@@@@@@@@@@@@@@%                                                                           
255,255,255|@@@@@@@@@@@@@@@@@@@@=                                                                           
255,255,255|@@@@@@@@@@@@@@@@@@@@:                                                                           
255,255,255|@@@@@@@@@@@@@@@@@@@%                                                                            
255,255,255|@@@@@@@@@@@@@@@@@@@*                                                                            
255,255,255|@@@@@@@@@@@@@@@@@@@=                                                                            
255,255,255|@@@@@@@@@@@@@@@@@@@:                                                                            
255,255,255|@@@@@@@@@@@@@@@@@@@.                                                                            
255,255,255|@@@@@@@@@@@@@@@@@@%                                                                             
255,255,255|@@@@@@@@@@@@@@@@@@%                                                                             
255,255,255|@@@@@@@@@@@@@@@@@@#                                                                             
253,253,253|@@@@@@@@@@@@@@@@@@*                                                                             
224,224,224|%@@@@@@@@@@@@@@@@@*                                                                             
133,133,133|+@@@@@@@@@@@@@@@@@#                                                                             
43,43,43|.@@@@@@@@@@@@@@@@@#                                                                             
0,0,0| +@@@@@@@@@@@@@@@@%                                                                             
0,0,0| .@@@@@@@@@@@@@@@@%                                                                             
3,3,3|  +@@@@@@@@@@@@@@@@                                                                             
3,3,3|  .%@@@@@@@@@@@@@@@:                                                                            
0,0,0|   =@@@@@@@@@@@@@@@-                                                                            
0,0,0|    #@@@@@@@@@@@@@@+                                                                            
0,0,0|    :@@@@@@@@@@@@@@%                                                                            
0,0,0|     =@@@@@@@@@@@@@@.                                                                           
0,0,0|      *@@@@@@@@@@@@@=                                                                           
0,0,0|       #@@@@@@@@@@@@#                                                                           
0,0,0|       .%@@@@@@@@@@@@.                                                                          
0,0,0|        :%@@@@@@@@@@@=                                                                          
0,0,0|         :%@@@@@@@@@@%                                                                          
0,0,0|          :%@@@@@@@@@@-                                                                         
0,0,0|           :@@@@@@@@@@#                                                                         
0,0,0|            .*@@@@@@@@@-                                                                        
0,0,0|              =@@@@@@@@%                                                                        
0,0,0|               :#@@@@@@@*                                                                       
0,0,0|                 +@@@@@@@-                                                                      
255,255,255|