0,0,0|                                                                                                
0,0,0|                                :=*#%%%#+:       ..:.                                           
0,0,0|                             -+@@@@@@@@@@@%+:-+#%@@@@:                                          
0,0,0|                          :*@@@@@@@@@@@@@@@@@@@@@@@@=                                           
0,0,0|                        .*@@@@@@@@@@@@@@@@@@@@@@@@+.                                            
0,0,0|                        %@@@@@@@@@@@@@@@@@@@@@@@@-                                              
0,0,0|                        %@@@@@@@@@@@@@@@@@@@@@@@@@#-                                            
0,0,0|                        #@@@@@@@@@@@@@@@@@@@@@@@@@@%:                                           
0,0,0|                        =@@@@@@@@@@@@@@@@@@@@@@@@@@#                                            
0,0,0|                       :#@@@@@@@@@@@@@@@@@@@@@@@@@+                                             
0,0,0|                     .*@@@@@@@@@@@@@@@@@@@@@@@@@@*                                              
4,4,4|                    -@@@@@@@@@@@@@@@@@@@@@@@@@@@@@%.                                            
0,0,0|                    =###+%@@@@@@@@@@@@@@@@@@@@@@@@:                                             
104,104,104|===+++++++++==--::.     .#@@@@@@@@@@@@@@@@@@@@@@@+                                              
255,255,255|@@@@@@@@@@@@@@@@@@@@%%#@@@@@@@@@@@@@@@@@@@@@@@@@#                                               
255,255,255|@@@@@@@@@@@@@@@@@@@@@@@@@@@@@@@@@@@@@@@@@@@@@@@*                                                
59,59,59|:...... ....::--=+*##%@@@@@@@@@@@@@@@@@@@@@@@@@-                                                
0,0,0|                      :@@@@@@@@@@@@@@@@@@@@@@*:                                                 
3,3,3|                       :#@@@@@@@@@@@@@@@@@@@@%*+-.                                              
0,0,0|                         :+#@@@@@@@@@@@@@@@@@@@@@@%*-.                                          
0,0,0|                             ::%@@@@@@@@@@@@@@@@@@@@@@%*%%=:                                    
0,0,0|                               @@@@@@@@@@@@@@@@@@@@@@@@@@@@@%+=.                                
0,0,0|                               %@@@@@@@@@@@@@@@@@@@@#@@@@@@@@@@@%.                              
0,0,0|                               -+@@@@@@@@@@@@@@@@@@@+*@@@@@@@@@@@%=.                            
0,0,0|                                .@@@@@@@@@@@@@@@@@@@@#@@@@@@@@@@@@@@#=.                         
0,0,0|                                :@@@@@@@@@@@@@@@@@@@@@@@@@@@@@@%@@@@@@@#-                       
0,0,0|                                .@@@@@@@@@@@@@@@@@@@@@@@@@@@@@*  -*@@@@@@@#%*:                  
0,0,0|                                 *@@@@@@@@@@@@@@@@@@@@@@@@@@@@@*.   -#@@@@@@@@%-                
0,0,0|                                  :%@@@@@@@@@@@@@@@@@@@@@@@@@@@*      +@@@@@@@@@#               
0,0,0|                                   =@@@@@@@@@@@@@@@@@@@@@@@@@@+--==+*#@@@@@@@@@@@+              
0,0,0|                                   .@@@@@@@@@@@@@@@@@@@@@@@@@@@@@@@@@@@@@@@@@@@@@@%=            
0,0,0|                                    #@@@@@@@@@@@@@@@@@@@@@@@@@@@@@@@@@@@@@@@#:=@@@@@%-          
0,0,0|                                    +@@@@@@@@@@@@@@@@@@@@@@@@@@@@@@@@@@@@@%.    +@@@@@#.        
0,0,0|                                    -@@@@@@@@@@@@@@@@%-----==++*#%@@@@@@@@-      .*@@@@@=       
0,0,0|                                    :@@@@@@@@@@@@@@@*              .-=*#%+         :#@@@@#.     
0,0,0|                                    =@@@@@@@@@@@@@@@=                                +@@@@@-    
255,255,255|