0,0,0|                                                                                                
0,0,0|                                                                                                
0,0,0|                                                                                                
0,0,0|                                                                                                
0,0,0|                                                                                                
0,0,0|                                                                                                
0,0,0|                                                                                                
0,0,0|                                             :                                                  
0,0,0|                                            =@%..+#%#*=.                                        
0,0,0|                                            +%@@@@@@@=-=:                                       
0,0,0|                                              :*@@@@@#+-                                        
0,0,0|                                             .**-+@@@@@@@+-                                     
0,0,0|                                              -#=+@@@@%%##+.                                    
0,0,0|                                                %@@@@@:+%=                                      
0,0,0|                                                #*.%@@@@@%-:...                                 
0,0,0|                             .-::.             *+ =%@@@@@%#%%*=-=++***+:                        
0,0,0|                             .+*#@@%@%#*****++@@*@@@@@@@@@@@@@@@@@@@@@@@+:                      
0,0,0|                                 ::.:=+*+-:::--=@@@@@@@@%##@@@@@@@@@@@@@@@=                     
0,0,0|                                        ::      ...  :@@@   :-=+**#%@@@@**:                     
0,0,0|                                                      =.-           .--.                        
0,0,0|                                                                                                
0,0,0|                                                                                                
0,0,0|                                                                                                
7,7,7|                                                                                                
5,5,5|                                                                                                
0,0,0|                                                                                                
0,0,0|                                                                                                
0,0,0|                                                                                                
0,0,0|                                                                                                
0,0,0|                                                                                                
0,0,0|                                                                                                
0,0,0|                                                                                                
0,0,0|                                                                                                
0,0,0|                                                                                                
0,0,0|                                                                                                
0,0,0|                                                                                                
255,255,255|