0,0,0|                                                                                                
0,0,0|                                 :=*#%%#*-         ..                                           
0,0,0|                             .-#@@@@@@@@@@@*-.-+*%@@@#                                          
0,0,0|                           -#@@@@@@@@@@@@@@@@@@@@@@@%:                                          
0,0,0|                         -%@@@@@@@@@@@@@@@@@@@@@@@%=                                            
0,0,0|                        -@@@@@@@@@@@@@@@@@@@@@@@@#                                              
0,0,0|                        =@@@@@@@@@@@@@@@@@@@@@@@@@%-                                            
0,0,0|                        :@@@@@@@@@@@@@@@@@@@@@@@@@@@+.                                          
0,0,0|                         @@@@@@@@@@@@@@@@@@@@@@@@@@@=                                           
0,0,0|                        =@@@@@@@@@@@@@@@@@@@@@@@@@%-                                            
0,0,0|                      -%@@@@@@@@@@@@@@@@@@@@@@@@@%.                                             
1,1,1|                     #@@@@@@@@@@@@@@@@@@@@@@@@@@@@%-                                            
0,0,0|                    :#%#*#@@@@@@@@@@@@@@@@@@@@@@@@*                                             
14,14,14|  ...........           .=@@@@@@@@@@@@@@@@@@@@@@@%.                                             
229,229,229|%@@@@@@@@@@@@@@%%##*++=#@@@@@@@@@@@@@@@@@@@@@@@@@:                                              
255,255,255|@@@@@@@@@@@@@@@@@@@@@@@@@@@@@@@@@@@@@@@@@@@@@@@@:                                               
167,167,167|**+++====+++**##%%@@@@@@@@@@@@@@@@@@@@@@@@@@@@@#                                                
0,0,0|                   .::=%@@@@@@@@@@@@@@@@@@@@@#=                                                 
3,3,3|                        +@@@@@@@@@@@@@@@@@@@@#=:.                                               
0,0,0|                         .=#@@@@@@@@@@@@@@@@@@@@@%*=:                                           
0,0,0|                             .:*@@@@@@@@@@@@@@@@@@@@@%*+#*-.                                    
0,0,0|                               *@@@@@@@@@@@@@@@@@@@@@@@@@@@@#=:                                 
0,0,0|                               *@@@@@@@@@@@@@@@@@@@@@@@@@@@@@@@@#.                              
0,0,0|                               :+#@@@@@@@@@@@@@@@@@@##@@@@@@@@@@@#-.                            
0,0,0|                                 #@@@@@@@@@@@@@@@@@@@#@@@@@@@@@@@@@@#-.                         
0,0,0|                                 @@@@@@@@@@@@@@@@@@@@@@@@@@@@@@@@@@@@@@*-                       
0,0,0|                                 %@@@@@@@@@@@@@@@@@@@@@@@@@@@@# .=#@@@@@@@*#*.                  
0,0,0|                                 =@@@@@@@@@@@@@@@@@@@@@@@@@@@@%+.  .=#@@@@@@@@@-.               
0,0,0|                                  :%@@@@@@@@@@@@@@@@@@@@@@@@@@@%.     -@@@@@@@@@%.              
0,0,0|                                   -@@@@@@@@@@@@@@@@@@@@@@@@@@*::--=+*@@@@@@@@@@@#.             
0,0,0|                                    @@@@@@@@@@@@@@@@@@@@@@@@@@@@@@@@@@@@@@@@@@@@@@@+            
0,0,0|                                    *@@@@@@@@@@@@@@@@@@@@@@@@@@@@@@@@@@@@@@@@==%@@@@@=          
0,0,0|                                    =@@@@@@@@@@@@@@@@@@@@@@@@@@@@@@@@@@@@@@=    =%@@@@%:        
0,0,0|                                    :@@@@@@@@@@@@@@@@@=-===+++*##%@@@@@@@@#       +@@@@@*.      
0,0,0|                                    .@@@@@@@@@@@@@@@%.             :-+#%@%.        .*@@@@@-     
0,0,0|                                    -@@@@@@@@@@@@@@@+                                -%@@@@+    
255,255,255|