0,0,0|                                                                                                
0,0,0|                                :=*#%%%#+:       ..:.                                           
0,0,0|                            .-*@@@@@@@@@@@%+:=*#%@@@@.                                          
0,0,0|                          :*@@@@@@@@@@@@@@@@@@@@@@@@-                                           
0,0,0|                        .#@@@@@@@@@@@@@@@@@@@@@@@%+.                                            
0,0,0|                        %@@@@@@@@@@@@@@@@@@@@@@@@-                                              
0,0,0|                        @@@@@@@@@@@@@@@@@@@@@@@@@@#:                                            
0,0,0|                        %@@@@@@@@@@@@@@@@@@@@@@@@@@%:                                           
0,0,0|                        +@@@@@@@@@@@@@@@@@@@@@@@@@@#                                            
0,0,0|                       -#@@@@@@@@@@@@@@@@@@@@@@@@%=                                             
0,0,0|                     .#@@@@@@@@@@@@@@@@@@@@@@@@@@+                                              
2,2,2|                    =@@@@@@@@@@@@@@@@@@@@@@@@@@@@@#.                                            
0,0,0|                    =##*+@@@@@@@@@@@@@@@@@@@@@@@@@.                                             
188,188,188|##%%%%%%%%%%###*++=-:.  .#@@@@@@@@@@@@@@@@@@@@@@@=                                              
255,255,255|@@@@@@@@@@@@@@@@@@@@@@@@@@@@@@@@@@@@@@@@@@@@@@@@#                                               
205,205,205|%##******###%%%@@@@@@@@@@@@@@@@@@@@@@@@@@@@@@@@+                                                
0,0,0|                .::-=+%@@@@@@@@@@@@@@@@@@@@@@@@.                                                
0,0,0|                      :@@@@@@@@@@@@@@@@@@@@@@#:                                                 
0,0,0|                       :#@@@@@@@@@@@@@@@@@@@@@%#=:                                              
0,0,0|                         :+%@@@@@@@@@@@@@@@@@@@@@@@#+:                                          
0,0,0|                            .:-%@@@@@@@@@@@@@@@@@@@@@@@#%%+:                                    
0,0,0|                               @@@@@@@@@@@@@@@@@@@@@@@@@@@@@@*=.                                
0,0,0|                               %@@@@@@@@@@@@@@@@@@@%*%@@@@@@@@@@%-                              
0,0,0|                               -+@@@@@@@@@@@@@@@@@@@+=@@@@@@@@@@@%=.                            
0,0,0|                                .@@@@@@@@@@@@@@@@@@@@*@@@@@@@@@@@@@@#=.                         
0,0,0|                                :@@@@@@@@@@@@@@@@@@@@@@@@@@@@@@%@@@@@@@#-                       
0,0,0|                                .@@@@@@@@@@@@@@@@@@@@@@@@@@@@@#  -*@@@@@@%*#+.                  
0,0,0|                                 *@@@@@@@@@@@@@@@@@@@@@@@@@@@@@*.  .=#@@@@@@@@%:                
0,0,0|                                  :%@@@@@@@@@@@@@@@@@@@@@@@@@@@*      +@@@@@@@@@*               
0,0,0|                                   =@@@@@@@@@@@@@@@@@@@@@@@@@@+::-=++#@@@@@@@@@@@=              
0,0,0|                                   .@@@@@@@@@@@@@@@@@@@@@@@@@@@@@@@@@@@@@@@@@@@@@@#:            
0,0,0|                                    #@@@@@@@@@@@@@@@@@@@@@@@@@@@@@@@@@@@@@@@#-*@@@@@*.          
0,0,0|                                    +@@@@@@@@@@@@@@@@@@@@@@@@@@@@@@@@@@@@@#:   :#@@@@@=         
0,0,0|                                    -@@@@@@@@@@@@@@@@%----===+**#%@@@@@@@@-      -%@@@@%:       
0,0,0|                                    :@@@@@@@@@@@@@@@*              :=+#%%+         =@@@@@=      
0,0,0|                                    =@@@@@@@@@@@@@@@=                               .#@@@@#.    
255,255,255|