0,0,0|                                                                                                
0,0,0|                                                                                                
0,0,0|                                                                                                
0,0,0|                                        .-+#%%%#-                                               
0,0,0|                                     -*%@@@@@@@@@@*::=+*##.                                     
0,0,0|                                   +%@@@@@@@@@@@@@@@@@@@%-                                      
0,0,0|                                  +@@@@@@@@@@@@@@@@@@@*:                                        
0,0,0|                                  *@@@@@@@@@@@@@@@@@@@#.                                        
0,0,0|                                  *@@@@@@@@@@@@@@@@@@@@@=                                       
0,0,0|                                 :%@@@@@@@@@@@@@@@@@@@@@-                                       
0,0,0|                               -#@@@@@@@@@@@@@@@@@@@@@+.                                        
0,0,0|                              :%%*%@@@@@@@@@@@@@@@@@@@=                                         
0,0,0|                                 :#@@@@@@@@@@@@@@@@@@@=                                         
0,0,0|                                #@@@@@@@@@@@@@@@@@@@@=                                          
3,3,3|         .:-=+***#######**++==-+@@@@@@@@@@@@@@@@@@@@*                                           
0,0,0|    :=*%@@@@@@@@@@@@@@@@@@@@@@@@@@@@@@@@@@@@@@@@@@@@:                                           
169,169,169|*#%@@@@@@@%**+===-----===+**#%%@@@@@@@@@@@@@@@@@@@+.                                            
255,255,255|@@@@@%*=.                       .:-+#@@@@@@@@@@@@@+.                                            
246,246,246|@%#+-                                 :@@@@@@@@@@@@@%#+:.-.                                     
34,34,34|.                                     -@@@@@@@@@@@@@@@@@@@@%*-.                                 
0,0,0|                                      =@@@@@@@@@@@@@@@@@@@@@@@@%-                               
2,2,2|                                      .:@@@@@@@@@@@@@@@@@@@@@@@@@#=.                            
0,0,0|                                       :@@@@@@@@@@@@@@@@@@@@@@@@@@@@#=.                         
0,0,0|                                       .@@@@@@@@@@@@@@@@@@@@@@#.=#@@@@@#+*=.                    
0,0,0|                                        +@@@@@@@@@@@@@@@@@@@@@%=  .=*@@@@@@@*:                  
0,0,0|                                        -@@@@@@@@@@@@@@@@@@@@@%=     #@@@@@@@@.                 
0,0,0|                                        .@@@@@@@@@@@@@@@@@@@@@#*##%@@@@@@@@@@@%=                
0,0,0|                                         %@@@@@@@@@@@@@@@@@@@@@@@@@@@@@@@@%+%@@@%=              
0,0,0|                                         #@@@@@@@@@@@@@@@@@@@@@@@@@@@@@@@+   -%@@@%-            
0,0,0|                                         +@@@@@@@@@@@@+.:-=====+*#%@@@@@%      -%@@@#.          
0,0,0|                                         *@@@@@@@@@@@@             .:-++.        =@@@@=         
0,0,0|                                        :@@@@@@@@@@@@@:                           .*@@@#.       
0,0,0|                                       -@@@@@@@@@@@@@@+                             -@@@@-      
0,0,0|                                      +@@@@@@@@@@@@@@@%                              .#@@@+     
0,0,0|                                    .#@@@@@@@@@@@@@@@@@:                               *@@@*    
0,0,0|                                   :@@@@@@@@@@@@@@@@@@@+                                +@@@#   
255,255,255|