0,0,0|                                                                                                
0,0,0|                                .-+*#%%#+:        ...                                           
0,0,0|                             :=%@@@@@@@@@@%+::=*#%@@@=                                          
0,0,0|                          .+%@@@@@@@@@@@@@@@@@@@@@@@+                                           
0,0,0|                         +@@@@@@@@@@@@@@@@@@@@@@@@#:                                            
0,0,0|                        *@@@@@@@@@@@@@@@@@@@@@@@@+                                              
0,0,0|                        #@@@@@@@@@@@@@@@@@@@@@@@@@#-                                            
0,0,0|                        *@@@@@@@@@@@@@@@@@@@@@@@@@@@-                                           
0,0,0|                        -@@@@@@@@@@@@@@@@@@@@@@@@@@%.                                           
0,0,0|                       .*@@@@@@@@@@@@@@@@@@@@@@@@@*.                                            
1,1,1|                      +@@@@@@@@@@@@@@@@@@@@@@@@@@#                                              
0,0,0|                    :%@@@@@@@@@@@@@@@@@@@@@@@@@@@@%-                                            
6,6,6|    ......          -###*#@@@@@@@@@@@@@@@@@@@@@@@@=                                             
219,219,219|%@@@@@@@@@@@%%%##**+-::. +@@@@@@@@@@@@@@@@@@@@@@@#                                              
255,255,255|@@@@@@@@@@@@@@@@@@@@@@@@@@@@@@@@@@@@@@@@@@@@@@@@@.                                              
168,168,168|**++=++++++**##%%@@@@@@@@@@@@@@@@@@@@@@@@@@@@@@#.                                               
0,0,0|                  .:-=#@@@@@@@@@@@@@@@@@@@@@@@@-                                                
3,3,3|                       @@@@@@@@@@@@@@@@@@@@@@%=                                                 
0,0,0|                       :#@@@@@@@@@@@@@@@@@@@@@%#+:                                              
0,0,0|                         :*%@@@@@@@@@@@@@@@@@@@@@@@#+:                                          
0,0,0|                            .-=#@@@@@@@@@@@@@@@@@@@@@@@#*%*:                                    
0,0,0|                               *@@@@@@@@@@@@@@@@@@@@@@@@@@@@@*-.                                
0,0,0|                               *@@@@@@@@@@@@@@@@@@@@*%@@@@@@@@@@#=                              
0,0,0|                               :+#@@@@@@@@@@@@@@@@@@*:@@@@@@@@@@@@=.                            
0,0,0|                                 #@@@@@@@@@@@@@@@@@@@+%@@@@@@@@@@@@@#-                          
0,0,0|                                 %@@@@@@@@@@@@@@@@@@@@@@@@@@@@@@@@@@@@@*:                       
0,0,0|                                 %@@@@@@@@@@@@@@@@@@@@@@@@@@@@%. =#@@@@@@%++-                   
0,0,0|                                 =@@@@@@@@@@@@@@@@@@@@@@@@@@@@@*.  .+%@@@@@@@@#.                
0,0,0|                                  :%@@@@@@@@@@@@@@@@@@@@@@@@@@@%:     =@@@@@@@@@*               
0,0,0|                                   -@@@@@@@@@@@@@@@@@@@@@@@@@@*:.::-=+@@@@@@@@@@@-              
0,0,0|                                    @@@@@@@@@@@@@@@@@@@@@@@@@@@@@@@@@@@@@@@@@@@@@@*.            
0,0,0|                                    #@@@@@@@@@@@@@@@@@@@@@@@@@@@@@@@@@@@@@@@@+#@@@@@+           
0,0,0|                                    +@@@@@@@@@@@@@@@@@@@@@@@@@@@@@@@@@@@@@%=   -%@@@@%-         
0,0,0|                                    -@@@@@@@@@@@@@@@@@+===++**##%@@@@@@@@@=      =@@@@@*        
0,0,0|                                    :@@@@@@@@@@@@@@@%:            .-+#%@@#        .*@@@@%-      
0,0,0|                                    =@@@@@@@@@@@@@@@+                   .           -@@@@@=     
255,255,255|