0,0,0|                                                                                                
0,0,0|                                                                                                
0,0,0|                                                                                                
0,0,0|                                                                                                
0,0,0|                                                                                                
0,0,0|                                                                                                
0,0,0|                          .                    .=*##*+:                                         
0,0,0|                          .                   +@@@@@@@@%-                                       
0,0,0|                                             #@@@@@@@@@@@-                                      
0,0,0|                                             %@@@@@@@@@@@+                                      
0,0,0|                                             *@@@@@@@@@@@-                                      
0,0,0|                                            :@@@@@@@@@@@@=                                      
0,0,0|                                            :%#@@@@@@@@#=.                                      
0,0,0|                                        :-===#@@@@@@@@@.                    .                   
0,0,0|                            .: .-+***#%@@@@@@@@@@@@@@@@@*:                                      
0,0,0|                             :. :=+#%@@@@@@@@@@@@@@@@@@@@@#-                                    
0,0,0|                                     .=#@@@@@@@@@@@@@@@@@@@@%:                                  
0,0,0|                                         :=++++%@@@@@@@@@@@@@-                                  
0,0,0|                                              .%@@%@@@@@@@@@*                                   
0,0,0|          .                                  .@@@=+@@@@@@@@@:                                   
0,0,0|          -:                                 :@@@+%@@@@@@@@@=           .                       
0,0,0|                                        .    -@@@= .:%@@@@@@@:                                  
0,0,0|                                              #@#   +@@@@@@@@-                                  
1,1,1|                                             .+@* =@@@@@@@@@@#                                  
0,0,0|                                              -%#%@@@@@@@@@@@@.                                 
29,29,29|.                                :.           *@@@@@@@@@@@@@@@=                                 
39,39,39|.                                          :+@@@@@@@@@@@@@@@@@#                                 
4,4,4|                                       :=*%@@@@@@@@@@@@@@@@@@@@.                                
14,14,14|                                   :=#@@@@@@@@@@@@@@@@@@@@@@@@@=                                
0,0,0|         .                      :+%@@@@@@@@@@@@@@@@@@@@@@@@@@@@*                                
0,0,0|                              -%@@@@@@@@@@@@@@@@@@@@@@@@@@@@@@@#                                
0,0,0|                             .@@@@@@@@@@@@@@@@@@@@@@@@@@@@@@@@@%                                
0,0,0|                            =@@@@@@@@@@@@@@@@@@@@@@@@@@@@@@@@@@@                                
0,0,0|                     ..     .-@@@@@@@@@@@@@@@@@@@@@@@@@@@@@@@@@@:                               
0,0,0|                              :=+#@@@@@@@@@@@@@@@@@@@@@@@@@@@@@@=                               
0,0,0|                                  :%@@@@@@@@@@@@@@@@@@@@@@@@@@@@*                               
255,255,255|