0,0,0|                                                                                                
0,0,0|                                      .:--:                                                     
0,0,0|                                  :+#@@@@@@@*-      .:::                                        
0,0,0|                               -*%@@@@@@@@@@@@%++#%@@@@%                                        
0,0,0|                             +@@@@@@@@@@@@@@@@@@@@@@@@+                                         
0,0,0|                           .%@@@@@@@@@@@@@@@@@@@@@@%=.                                          
0,0,0|                           =@@@@@@@@@@@@@@@@@@@@@@@%:                                           
0,0,0|                           -@@@@@@@@@@@@@@@@@@@@@@@@@*:                                         
0,0,0|                           .@@@@@@@@@@@@@@@@@@@@@@@@@@=                                         
0,0,0|                           =@@@@@@@@@@@@@@@@@@@@@@@@@#:                                         
0,0,0|                         -%@@@@@@@@@@@@@@@@@@@@@@@@%:                                           
0,0,0|                       .%@@@@@@@@@@@@@@@@@@@@@@@@@@%-                                           
1,1,1|                       :**+=@@@@@@@@@@@@@@@@@@@@@@@@*                                           
0,0,0|                           -%@@@@@@@@@@@@@@@@@@@@@@#                                            
8,8,8|  ..:::-------:::...     =@@@@@@@@@@@@@@@@@@@@@@@@%                                             
221,221,221|%@@@@@@@@@@@@@@@@@@@@%%#*@@@@@@@@@@@@@@@@@@@@@@@@@.                                             
255,255,255|@@@@@@@@@@@@@@@@@@@@@@@@@@@@@@@@@@@@@@@@@@@@@@@@@+                                              
166,166,166|*+==--::::::::--==++*##%@@@@@@@@@@@@@@@@@@@@@@@#=                                               
0,0,0|                         .:+%@@@@@@@@@@@@@@@@@@=                                                
3,3,3|                             :+#%%@@@@@@@@@@@@@@@#+-.                                           
0,0,0|                                 =@@@@@@@@@@@@@@@@@@@%*=**-.                                    
0,0,0|                                 +@@@@@@@@@@@@@@@@@@@@@@@@@@#=-.                                
0,0,0|                                 =@@@@@@@@@@@@@@@@@@@@@@@@@@@@@@%:                              
0,0,0|                                 :-#@@@@@@@@@@@@@@@@@%@@@@@@@@@@@%+:                            
0,0,0|                                   %@@@@@@@@@@@@@@@@@@@@@@@@@@@@@@@@%+:                         
0,0,0|                                  .@@@@@@@@@@@@@@@@@@@@@@@@@@@@@%@@@@@@%+:                      
0,0,0|                                   %@@@@@@@@@@@@@@@@@@@@@@@@@@@. :=#@@@@@@%@%=-                 
0,0,0|                                   :#@@@@@@@@@@@@@@@@@@@@@@@@@@#-   .=#@@@@@@@@*-               
0,0,0|                                    .@@@@@@@@@@@@@@@@@@@@@@@@@@%-     :@@@@@@@@@@:              
0,0,0|                                     %@@@@@@@@@@@@@@@@@@@@@@@@@*+*##%%@@@@@@@@@@@@=             
0,0,0|                                     +@@@@@@@@@@@@@@@@@@@@@@@@@@@@@@@@@@@@@@@@%@@@@%=           
0,0,0|                                     -@@@@@@@@@@@@@@@@@@@@@@@@@@@@@@@@@@@@@@*. =%@@@@%-         
0,0,0|                                     :@@@@@@@@@@@@@@@@@#%%%@@@@@@@@@@@@@@@@:     =%@@@@#:       
0,0,0|                                     .@@@@@@@@@@@@@@@#:       ..:-=*%@@@@@#        =@@@@@+      
0,0,0|                                     .@@@@@@@@@@@@@@@.                :-==          .*@@@@%:    
0,0,0|                                     +@@@@@@@@@@@@@@@:                                -%@@@@=   
255,255,255|