0,0,0|                                                                                                
0,0,0|                                  .:=+*#*=:                                                     
0,0,0|                               .=#@@@@@@@@@%+.  :-+*##*                                         
0,0,0|                            :+%@@@@@@@@@@@@@@@%@@@@@@@+                                         
0,0,0|                          .#@@@@@@@@@@@@@@@@@@@@@@@@*:                                          
0,0,0|                         .@@@@@@@@@@@@@@@@@@@@@@@@#.                                            
0,0,0|                         -@@@@@@@@@@@@@@@@@@@@@@@@%+.                                           
0,0,0|                         :@@@@@@@@@@@@@@@@@@@@@@@@@@%=                                          
0,0,0|                          @@@@@@@@@@@@@@@@@@@@@@@@@@@=                                          
0,0,0|                         -@@@@@@@@@@@@@@@@@@@@@@@@@@+.                                          
0,0,0|                       -%@@@@@@@@@@@@@@@@@@@@@@@@@%.                                            
0,0,0|                      *@@@@@@@@@@@@@@@@@@@@@@@@@@@%+.                                           
4,4,4|                     :#%#+%@@@@@@@@@@@@@@@@@@@@@@@@*.                                           
0,0,0|                         .*@@@@@@@@@@@@@@@@@@@@@@@%                                             
84,84,84|--=++++*+++++===--:..  :%@@@@@@@@@@@@@@@@@@@@@@@@@.                                             
255,255,255|@@@@@@@@@@@@@@@@@@@@@@%@@@@@@@@@@@@@@@@@@@@@@@@@%:                                              
255,255,255|@@@@@@@@@@@@@@@@@@@@@@@@@@@@@@@@@@@@@@@@@@@@@@@@+                                               
80,80,80|-::.........:::--=+**#%@@@@@@@@@@@@@@@@@@@@@@@%+                                                
0,0,0|                        .*@@@@@@@@@@@@@@@@@@@@=                                                 
3,3,3|                          .=#@@@@@@@@@@@@@@@@@@@#+-.                                            
0,0,0|                              .:%@@@@@@@@@@@@@@@@@@@%*=:+=.                                     
0,0,0|                                %@@@@@@@@@@@@@@@@@@@@@@@@@@%+:.                                 
0,0,0|                                @@@@@@@@@@@@@@@@@@@@@@@@@@@@@@@#+.                              
0,0,0|                                +*@@@@@@@@@@@@@@@@@@@%@@@@@@@@@@@#:                             
0,0,0|                                 .@@@@@@@@@@@@@@@@@@@%@@@@@@@@@@@@@%*-                          
0,0,0|                                 -@@@@@@@@@@@@@@@@@@@@@@@@@@@@@@@@@@@@%*:                       
0,0,0|                                 -@@@@@@@@@@@@@@@@@@@@@@@@@@@@@-:+%@@@@@@%+++:                  
0,0,0|                                  %@@@@@@@@@@@@@@@@@@@@@@@@@@@%-   :+%@@@@@@@@%=                
0,0,0|                                   +@@@@@@@@@@@@@@@@@@@@@@@@@@@@=     :%@@@@@@@@@-              
0,0,0|                                    @@@@@@@@@@@@@@@@@@@@@@@@@@@+:.::-=*@@@@@@@@@@@.             
0,0,0|                                    *@@@@@@@@@@@@@@@@@@@@@@@@@@@@@@@@@@@@@@@@@@@@@@*.           
0,0,0|                                    -@@@@@@@@@@@@@@@@@@@@@@@@@@@@@@@@@@@@@@@@#=%@@@@@+.         
0,0,0|                                    .@@@@@@@@@@@@@@@@@@@@@@@@@@@@@@@@@@@@@@#:   -#@@@@@=        
0,0,0|                                     @@@@@@@@@@@@@@@@@#==+++**##%@@@@@@@@@@:      -%@@@@%:      
0,0,0|                                     #@@@@@@@@@@@@@@@-            .:=*#@@@+         =@@@@@+     
0,0,0|                                     %@@@@@@@@@@@@@@#                   ..           .#@@@@%:   
255,255,255|