0,0,0|                                                                                                
0,0,0|                                   :-+++=:                                                      
0,0,0|                               .=#@@@@@@@@%*-  .-=*#%%-                                         
0,0,0|                            .+%@@@@@@@@@@@@@@%%@@@@@@#.                                         
0,0,0|                          .*@@@@@@@@@@@@@@@@@@@@@@@%-                                           
0,0,0|                         -@@@@@@@@@@@@@@@@@@@@@@@@+                                             
0,0,0|                         #@@@@@@@@@@@@@@@@@@@@@@@@%+:                                           
0,0,0|                         +@@@@@@@@@@@@@@@@@@@@@@@@@@@-                                          
0,0,0|                         -@@@@@@@@@@@@@@@@@@@@@@@@@@@:                                          
0,0,0|                         :@@@@@@@@@@@@@@@@@@@@@@@@@%-                                           
2,2,2|                        +@@@@@@@@@@@@@@@@@@@@@@@@@%                                             
0,0,0|                      -%@@@@@@@@@@@@@@@@@@@@@@@@@@@%-                                           
47,47,47|.::-------:::...     .@@@@@@@@@@@@@@@@@@@@@@@@@@@@@%.                                           
254,254,254|@@@@@@@@@@@@@@@@@%##*+++-.:@@@@@@@@@@@@@@@@@@@@@@@@:                                            
255,255,255|@@@@@@@@@@@@@@@@@@@@@@@@@@%@@@@@@@@@@@@@@@@@@@@@@@=                                             
114,114,114|=--::::::---==+*##%@@@@@@@@@@@@@@@@@@@@@@@@@@@@@%-                                              
0,0,0|                    .:-*@@@@@@@@@@@@@@@@@@@@@@@@+                                               
4,4,4|                        @@@@@@@@@@@@@@@@@@@@@@@+                                                
0,0,0|                        -@@@@@@@@@@@@@@@@@@@@@@*+:                                              
0,0,0|                         .+%@@@@@@@@@@@@@@@@@@@@@@@#=:                                          
0,0,0|                            :=*#%@@@@@@@@@@@@@@@@@@@@@%*--+:                                    
0,0,0|                                =@@@@@@@@@@@@@@@@@@@@@@@@@@@%+.                                 
0,0,0|                                +@@@@@@@@@@@@@@@@@@@%%@@@@@@@@@%*-                              
0,0,0|                                -+%@@@@@@@@@@@@@@@@@%-=@@@@@@@@@@@*                             
0,0,0|                                  +@@@@@@@@@@@@@@@@@@#-@@@@@@@@@@@@%+.                          
0,0,0|                                  #@@@@@@@@@@@@@@@@@@@@@@@@@@@@@@@@@@@#=                        
0,0,0|                                  %@@@@@@@@@@@@@@@@@@@@@@@@@@@@%=*@@@@@@@+:.                    
0,0,0|                                  +@@@@@@@@@@@@@@@@@@@@@@@@@@@@*   -#@@@@@@@@+-                 
0,0,0|                                   +@@@@@@@@@@@@@@@@@@@@@@@@@@@@@.   .=@@@@@@@@#=               
0,0,0|                                    @@@@@@@@@@@@@@@@@@@@@@@@@@@*.     -@@@@@@@@@@=              
0,0,0|                                    *@@@@@@@@@@@@@@@@@@@@@@@@@%**##%%@@@@@@@@@@@@@:             
0,0,0|                                    =@@@@@@@@@@@@@@@@@@@@@@@@@@@@@@@@@@@@@@@@@@@@@@*.           
0,0,0|                                    -@@@@@@@@@@@@@@@@@@@@@@@@@@@@@@@@@@@@@@@*::#@@@@@=          
0,0,0|                                    .@@@@@@@@@@@@@@@@@@%%%%@@@@@@@@@@@@@@@@.    -%@@@@#:        
0,0,0|                                     @@@@@@@@@@@@@@@@@-      ..:-=+#%@@@@@*       +@@@@@=       
0,0,0|                                     @@@@@@@@@@@@@@@%.               :-+*+         :%@@@@*      
255,255,255|