0,0,0|                                              -@@@@@@@@@@@@@@@@@@@@@:               *@@@#+%@@@@@
0,0,0|                                               =@@@@@@@@@@@@@@@@@@@*               .%%#-   +@@@@
0,0,0|                                                 *@@@@@@@@@@@@@@@@@.                        .%@@
0,0,0|                                                :#@@@@@@@@@@@@@@@@-                          *@@
0,0,0|                                               +@@@@@@@@@@@@@@@@@-                           +@@
0,0,0|                                             :%@@@@@@@@@@#*%%@%#.                           .@@@
0,0,0|                                            =@@@@@@@@@@@#                                   #@@@
0,0,0|                                           *@@@@@@@@@@@%:                                  =@@@@
0,0,0|                                          *@@@@@@++@@@@-                               ...+@@@@%
0,0,0|                                         -@@@@@#..%@@@-                              .+##%@@@@* 
0,0,0|                                        .@@@@@@- =@@#.                              .#@@@@@@@#  
0,0,0|                                        *@@@@@%=: .:                               .%@@@@@@@*   
0,0,0|                                        %@@@@@@#=-:                                *@@#+-*%=    
0,0,0|                                        %@@@@@##%*.                                ..           
0,0,0|                                        %@@@@@=-..                                              
0,0,0|                                        +@@%%@#:                                                
0,0,0|                                         +%@+--                                                 
0,0,0|                                           +-                                                   
0,0,0|                                                                                                
0,0,0|                                                                                                
0,0,0|                                                        ................                        
0,0,0|                                   ..::--=++***##%%%%@@@@@@@@@@@@@@@@@@@@@@%%#**+=-:.           
0,0,0|                     ..:--=++*##%%@@@@@@@@@@@@@@@@@@@@@@@@@@@@@@@@@@@@@@@@@@@@@@@@@@@@%%##****#%
0,0,0|    ..::--==+**##%%@@@@@@@@@@@@@@@@@@@@@@@@@@@@@@@@@@@@@@@@@@@@@@@@@@@@@@@@@@@@@@@@@@@@@@@@@@@@@
228,228,228|%@@@@@@@@@@@@@@@@@@@@@@@@@@@@@@@@@@@@@@@@@@@@@@@@@@@@@@@@@@@@@@@@@@@@@@@@@@@@@@@@@@@@@@@@@@@@@@@
160,160,160|**##%%%@@@@@@@@@@@@@@@@@@@@@@@@@@@@@@@@@@@@@@@@@@@@@@@@@@@@@@@@@@@@@@@@@@@@@@@@@@@@@@@@@@@@@@@@@
0,0,0|         ..::--==++*##%%@@@@@@@@@@@@@@@@@@@@@@@@@@@@@@@@@@@@@@@@@@@@@@@@@@@@@@@@@@@@@@@@@@@@@@@@
4,4,4|                         ..::-==+**##%%@@@@@@@@@@@@@@@@@@@@@@@@@@@@@@@@@@@@@@@@@@@%#*+=--::::::-
0,0,0|                                         ..:::--===+++****############***++==-::.               
0,0,0|                                                                                                
0,0,0|                                                                                                
0,0,0|                                                                                                
0,0,0|                                                                                                
0,0,0|                                                                                                
0,0,0|                                                                                                
0,0,0|                                                                                                
255,255,255|