0,0,0|                                                                                                
0,0,0|                                  .-+*##*=.                                                     
0,0,0|                              .:*%@@@@@@@@@#=. .-=*##%+                                         
0,0,0|                            -#@@@@@@@@@@@@@@@@@@@@@@@@-                                         
0,0,0|                          -%@@@@@@@@@@@@@@@@@@@@@@@@+                                           
0,0,0|                         =@@@@@@@@@@@@@@@@@@@@@@@@+                                             
0,0,0|                         *@@@@@@@@@@@@@@@@@@@@@@@@%=.                                           
0,0,0|                         +@@@@@@@@@@@@@@@@@@@@@@@@@@%-                                          
0,0,0|                         :@@@@@@@@@@@@@@@@@@@@@@@@@@@:                                          
0,0,0|                         +@@@@@@@@@@@@@@@@@@@@@@@@@%-.                                          
0,0,0|                       =@@@@@@@@@@@@@@@@@@@@@@@@@@*                                             
0,0,0|                     :%@@@@@@@@@@@@@@@@@@@@@@@@@@@%+.                                           
4,4,4|                     =#%#+@@@@@@@@@@@@@@@@@@@@@@@@@=                                            
0,0,0|                         .%@@@@@@@@@@@@@@@@@@@@@@@*                                             
114,114,114|=+++********+++==--:.. -%@@@@@@@@@@@@@@@@@@@@@@@@#                                              
255,255,255|@@@@@@@@@@@@@@@@@@@@@@@@@@@@@@@@@@@@@@@@@@@@@@@@#.                                              
255,255,255|@@@@@@@@@@@@@@@@@@@@@@@@@@@@@@@@@@@@@@@@@@@@@@@@-                                               
55,55,55|:...       ...::--=+*##%@@@@@@@@@@@@@@@@@@@@@@#=                                                
0,0,0|                        :#@@@@@@@@@@@@@@@@@@@%-                                                 
3,3,3|                          :+%@@@@@@@@@@@@@@@@@@@%*-.                                            
0,0,0|                             .:-@@@@@@@@@@@@@@@@@@@@%*=-+=.                                     
0,0,0|                               .@@@@@@@@@@@@@@@@@@@@@@@@@@@%+:.                                 
0,0,0|                               :@@@@@@@@@@@@@@@@@@@@@@@@@@@@@@@#+.                              
0,0,0|                                **@@@@@@@@@@@@@@@@@@%%@@@@@@@@@@@#:                             
0,0,0|                                 :@@@@@@@@@@@@@@@@@@@#@@@@@@@@@@@@@%*:                          
0,0,0|                                 +@@@@@@@@@@@@@@@@@@@@@@@@@@@@@@@@@@@@%*:                       
0,0,0|                                 +@@@@@@@@@@@@@@@@@@@@@@@@@@@@@-:+%@@@@@@%+++.                  
0,0,0|                                 .@@@@@@@@@@@@@@@@@@@@@@@@@@@@%:   :+%@@@@@@@@%=                
0,0,0|                                  .*@@@@@@@@@@@@@@@@@@@@@@@@@@@@=     :%@@@@@@@@@:              
0,0,0|                                   .@@@@@@@@@@@@@@@@@@@@@@@@@@@=..::-=*@@@@@@@@@@@.             
0,0,0|                                    #@@@@@@@@@@@@@@@@@@@@@@@@@@@@@@@@@@@@@@@@@@@@@@+.           
0,0,0|                                    +@@@@@@@@@@@@@@@@@@@@@@@@@@@@@@@@@@@@@@@@#+%@@@@@+          
0,0,0|                                    -@@@@@@@@@@@@@@@@@@@@@@@@@@@@@@@@@@@@@@#:   =%@@@@%=        
0,0,0|                                    .@@@@@@@@@@@@@@@@@#=+++**##%%@@@@@@@@@@.      =%@@@@#:      
0,0,0|                                     %@@@@@@@@@@@@@@@=            .-=*%@@@+         +@@@@@+     
0,0,0|                                    .@@@@@@@@@@@@@@@#                   :.           .#@@@@#.   
255,255,255|