0,0,0|                                                                                                
0,0,0|                                :=*#%%%#+:       .::.                                           
0,0,0|                            .-*@@@@@@@@@@@%+-=*#%@@@@.                                          
0,0,0|                          :*@@@@@@@@@@@@@@@@@@@@@@@%-                                           
0,0,0|                        .#@@@@@@@@@@@@@@@@@@@@@@@%+                                             
0,0,0|                        %@@@@@@@@@@@@@@@@@@@@@@@@-                                              
0,0,0|                        @@@@@@@@@@@@@@@@@@@@@@@@@@#:                                            
0,0,0|                        #@@@@@@@@@@@@@@@@@@@@@@@@@@%:                                           
0,0,0|                        +@@@@@@@@@@@@@@@@@@@@@@@@@@#                                            
0,0,0|                       :#@@@@@@@@@@@@@@@@@@@@@@@@@=                                             
0,0,0|                     .*@@@@@@@@@@@@@@@@@@@@@@@@@@+                                              
4,4,4|                    -@@@@@@@@@@@@@@@@@@@@@@@@@@@@@#.                                            
0,0,0|                    =##*+@@@@@@@@@@@@@@@@@@@@@@@@@:                                             
127,127,127|=++********+++==-::.    .%@@@@@@@@@@@@@@@@@@@@@@@=                                              
255,255,255|@@@@@@@@@@@@@@@@@@@@@%%@@@@@@@@@@@@@@@@@@@@@@@@@*                                               
250,250,250|@@@@%%%%%@@@@@@@@@@@@@@@@@@@@@@@@@@@@@@@@@@@@@@+                                                
39,39,39|..         ..::--=+*#%@@@@@@@@@@@@@@@@@@@@@@@@@:                                                
0,0,0|                      :@@@@@@@@@@@@@@@@@@@@@@*:                                                 
2,2,2|                       :#@@@@@@@@@@@@@@@@@@@@%#+-.                                              
0,0,0|                         :+%@@@@@@@@@@@@@@@@@@@@@@%*=:                                          
0,0,0|                             ::%@@@@@@@@@@@@@@@@@@@@@@%#%%+:                                    
0,0,0|                               @@@@@@@@@@@@@@@@@@@@@@@@@@@@@%+=.                                
0,0,0|                              .%@@@@@@@@@@@@@@@@@@@%#@@@@@@@@@@@%:                              
0,0,0|                               -+@@@@@@@@@@@@@@@@@@@++@@@@@@@@@@@%=.                            
0,0,0|                                .@@@@@@@@@@@@@@@@@@@@#@@@@@@@@@@@@@@#=.                         
0,0,0|                                :@@@@@@@@@@@@@@@@@@@@@@@@@@@@@@%@@@@@@@#-                       
0,0,0|                                :@@@@@@@@@@@@@@@@@@@@@@@@@@@@@*  -*@@@@@@@#%+:                  
0,0,0|                                 *@@@@@@@@@@@@@@@@@@@@@@@@@@@@@#.   -#@@@@@@@@%-                
0,0,0|                                  :%@@@@@@@@@@@@@@@@@@@@@@@@@@@*      +@@@@@@@@@#               
0,0,0|                                   =@@@@@@@@@@@@@@@@@@@@@@@@@@+--==+*#@@@@@@@@@@@+              
0,0,0|                                   .@@@@@@@@@@@@@@@@@@@@@@@@@@@@@@@@@@@@@@@@@@@@@@%=            
0,0,0|                                    #@@@@@@@@@@@@@@@@@@@@@@@@@@@@@@@@@@@@@@@#:+@@@@@%-          
0,0,0|                                    +@@@@@@@@@@@@@@@@@@@@@@@@@@@@@@@@@@@@@#.   .+@@@@@*.        
0,0,0|                                    -@@@@@@@@@@@@@@@@%-----==++*#%@@@@@@@@-      .*@@@@@=       
0,0,0|                                    :@@@@@@@@@@@@@@@*              .-=*#%+         :%@@@@#.     
0,0,0|                                    =@@@@@@@@@@@@@@@=                                +@@@@@:    
255,255,255|