0,0,0|                                                                                                
0,0,0|                                                                                                
0,0,0|                                                                                                
0,0,0|                                                                                                
0,0,0|                                                                                                
0,0,0|                                                                                                
0,0,0|                                                                                                
0,0,0|                                                                                                
0,0,0|                                                                                                
0,0,0|                                                                                                
0,0,0|                                                                                                
0,0,0|                                                                                                
0,0,0|                                                       .-.                                      
0,0,0|                                                                                                
0,0,0|                                                         .:                                     
0,0,0|                                                         .             :----:::::.......        
1,1,1|                                                                 .:-#%#@@@@@@@@@@@@@@@@@@@%%####
0,0,0|                      ...........                       .:::. =%@@@@@@@@@@@@@@@@@@@@@@@@@@@@@@@@
18,18,18|  ..::--==++**##%%%@@@@@@@@@@@@@@@@%%#*+=-:.    ..:-+*#%@@%%%%@@@@@@@@@@@@@@@@@@@@@@@@@@@@@@@@@@
247,247,247|@@@@@@@@@@@@@@@@@@@@@@@@@@@@@@@@@@@@@@@@@@@@@@@@@@@@@@@@@@@%@@@@@@@@@@@@@@@@@@@@@@@@@@@@@@@@@@@@
226,226,226|%@@@@@@@@@@@@@@@@@@@@@@@@@@@@@@@@@@@@@@@@@@@@@@@@@@@@@@@@@@@@@@@@@@@@@@@@@#=:..............::::-
4,4,4|   .::-=+**#%%@@@@@@@@@@@@@@@@@@@@@@@@@@@@@%%%%@@@@@@@@@@#*=--=+*%@%#++**#%%+:                  
0,0,0|               ..::--==+++*********++==-:.      .:-=*#@@@%+-      .:       -#+-                 
1,1,1|                                                       .-==:                -#-.                
0,0,0|                                                                            +*-.                
0,0,0|                                                                    :..  :=**=:                 
0,0,0|                                                                   -@@@@@@%+-.                  
0,0,0|                    .:                                              .-===:.                     
0,0,0|                                                                                                
0,0,0|                                                                                                
0,0,0|                                                                                                
0,0,0|                                                                                                
0,0,0|                                                                                                
0,0,0|                                                                                                
0,0,0|                                                                                                
0,0,0|                                                                                                
255,255,255|