0,0,0|                                                                                                
0,0,0|                                    .-=++=:                                                     
0,0,0|                                .=#%@@@@@@@%+:   .:-=++:                                        
0,0,0|                             .+%@@@@@@@@@@@@@@%#%@@@@@@-                                        
0,0,0|                           .*@@@@@@@@@@@@@@@@@@@@@@@@*.                                         
0,0,0|                          :@@@@@@@@@@@@@@@@@@@@@@@@+.                                           
0,0,0|                          =@@@@@@@@@@@@@@@@@@@@@@@@*.                                           
0,0,0|                          -@@@@@@@@@@@@@@@@@@@@@@@@@@+.                                         
0,0,0|                          .@@@@@@@@@@@@@@@@@@@@@@@@@@%.                                         
0,0,0|                          =@@@@@@@@@@@@@@@@@@@@@@@@@%=                                          
0,0,0|                        =%@@@@@@@@@@@@@@@@@@@@@@@@@=                                            
0,0,0|                      .%@@@@@@@@@@@@@@@@@@@@@@@@@@@*:                                           
2,2,2|                      :##*+@@@@@@@@@@@@@@@@@@@@@@@@@-                                           
0,0,0|                          :%@@@@@@@@@@@@@@@@@@@@@@@-                                            
40,40,40|.:::---===-----:::..    =@@@@@@@@@@@@@@@@@@@@@@@@@=                                             
250,250,250|@@@@@@@@@@@@@@@@@@@@@%%#@@@@@@@@@@@@@@@@@@@@@@@@@+                                              
255,255,255|@@@@@@@@@@@@@@@@@@@@@@@@@@@@@@@@@@@@@@@@@@@@@@@@@                                               
125,125,125|==--:::::::::--==++*##%@@@@@@@@@@@@@@@@@@@@@@@%#:                                               
0,0,0|                        .:*@@@@@@@@@@@@@@@@@@@#.                                                
4,4,4|                           .=#%@@@@@@@@@@@@@@@@@%*=:                                            
0,0,0|                               .-@@@@@@@@@@@@@@@@@@@@#+-+=:                                     
0,0,0|                                :@@@@@@@@@@@@@@@@@@@@@@@@@@%*-.                                 
0,0,0|                                :@@@@@@@@@@@@@@@@@@@@@@@@@@@@@@%*:                              
0,0,0|                                .+*@@@@@@@@@@@@@@@@@@%@@@@@@@@@@@%-                             
0,0,0|                                  +@@@@@@@@@@@@@@@@@@%@@@@@@@@@@@@@@*-.                         
0,0,0|                                  #@@@@@@@@@@@@@@@@@@@@@@@@@@@@@@@@@@@@#-                       
0,0,0|                                  #@@@@@@@@@@@@@@@@@@@@@@@@@@@@:.=#@@@@@@@**#-.                 
0,0,0|                                  :@@@@@@@@@@@@@@@@@@@@@@@@@@@@=.  .-#@@@@@@@@@+.               
0,0,0|                                    %@@@@@@@@@@@@@@@@@@@@@@@@@@@=     .%@@@@@@@@@-              
0,0,0|                                    =@@@@@@@@@@@@@@@@@@@@@@@@@@+---=+*#@@@@@@@@@@@:             
0,0,0|                                    :@@@@@@@@@@@@@@@@@@@@@@@@@@@@@@@@@@@@@@@@@@@@@@#:           
0,0,0|                                     %@@@@@@@@@@@@@@@@@@@@@@@@@@@@@@@@@@@@@@@+-*@@@@@*.         
0,0,0|                                     #@@@@@@@@@@@@@@@@@@@@@@@@@@@@@@@@@@@@@*.   :*@@@@@+        
0,0,0|                                     +@@@@@@@@@@@@@@@@+:::---==+*#%@@@@@@@@.      :#@@@@%-      
0,0,0|                                     =@@@@@@@@@@@@@@@:              :=+#%%-         -%@@@@#.    
0,0,0|                                     #@@@@@@@@@@@@@@@                                 +@@@@@-   
255,255,255|