255,255,255|@@@@@@@@@@@@@@@@@@@@@=                                                                          
255,255,255|@@@@@@@@@@@@@@@@@@@@@                                                                           
255,255,255|@@@@@@@@@@@@@@@@@@@@*                                                                           
255,255,255|@@@@@@@@@@@@@@@@@@@@:                                                                           
255,255,255|@@@@@@@@@@@@@@@@@@@%                                                                            
255,255,255|@@@@@@@@@@@@@@@@@@@+                                                                            
255,255,255|@@@@@@@@@@@@@@@@@@@:                                                                            
255,255,255|@@@@@@@@@@@@@@@@@@@                                                                             
255,255,255|@@@@@@@@@@@@@@@@@@#                                                                             
255,255,255|@@@@@@@@@@@@@@@@@@+                                                                             
255,255,255|@@@@@@@@@@@@@@@@@@-                                                                             
255,255,255|@@@@@@@@@@@@@@@@@@:                                                                             
255,255,255|@@@@@@@@@@@@@@@@@@.                                                                             
255,255,255|@@@@@@@@@@@@@@@@@@                                                                              
255,255,255|@@@@@@@@@@@@@@@@@@                                                                              
255,255,255|@@@@@@@@@@@@@@@@@%                                                                              
255,255,255|@@@@@@@@@@@@@@@@@%                                                                              
236,236,236|@@@@@@@@@@@@@@@@@@                                                                              
149,149,149|+@@@@@@@@@@@@@@@@@                                                                              
39,39,39|.%@@@@@@@@@@@@@@@@.                                                                             
0,0,0| +@@@@@@@@@@@@@@@@:                                                                             
1,1,1| .%@@@@@@@@@@@@@@@-                                                                             
2,2,2|  =@@@@@@@@@@@@@@@+                                                                             
1,1,1|   #@@@@@@@@@@@@@@#                                                                             
0,0,0|   .@@@@@@@@@@@@@@@                                                                             
0,0,0|    =@@@@@@@@@@@@@@:                                                                            
0,0,0|     *@@@@@@@@@@@@@+                                                                            
0,0,0|      #@@@@@@@@@@@@%                                                                            
0,0,0|      .%@@@@@@@@@@@@:                                                                           
0,0,0|       :@@@@@@@@@@@@*                                                                           
0,0,0|        -@@@@@@@@@@@@                                                                           
0,0,0|         :@@@@@@@@@@@=                                                                          
0,0,0|          =%@@@@@@@@@%                                                                          
0,0,0|           .#@@@@@@@@@=                                                                         
0,0,0|             *@@@@@@@@@.                                                                        
0,0,0|              =@@@@@@@@#                                                                        
255,255,255|