255,255,255|@@@@@@@@@@@@@@@@@@@@@=                                                                          
255,255,255|@@@@@@@@@@@@@@@@@@@@%                                                                           
255,255,255|@@@@@@@@@@@@@@@@@@@@=                                                                           
255,255,255|@@@@@@@@@@@@@@@@@@@@.                                                                           
255,255,255|@@@@@@@@@@@@@@@@@@@*                                                                            
255,255,255|@@@@@@@@@@@@@@@@@@@-                                                                            
255,255,255|@@@@@@@@@@@@@@@@@@@                                                                             
255,255,255|@@@@@@@@@@@@@@@@@@*                                                                             
255,255,255|@@@@@@@@@@@@@@@@@@-                                                                             
255,255,255|@@@@@@@@@@@@@@@@@@.                                                                             
255,255,255|@@@@@@@@@@@@@@@@@%                                                                              
255,255,255|@@@@@@@@@@@@@@@@@#                                                                              
255,255,255|@@@@@@@@@@@@@@@@@+                                                                              
255,255,255|@@@@@@@@@@@@@@@@@=                                                                              
255,255,255|@@@@@@@@@@@@@@@@@-                                                                              
255,255,255|@@@@@@@@@@@@@@@@@:                                                                              
255,255,255|@@@@@@@@@@@@@@@@@:                                                                              
255,255,255|@@@@@@@@@@@@@@@@@:                                                                              
255,255,255|@@@@@@@@@@@@@@@@@:                                                                              
255,255,255|@@@@@@@@@@@@@@@@@:                                                                              
230,230,230|@@@@@@@@@@@@@@@@@-                                                                              
123,123,123|=@@@@@@@@@@@@@@@@=                                                                              
17,17,17| %@@@@@@@@@@@@@@@*                                                                              
0,0,0| -@@@@@@@@@@@@@@@#                                                                              
2,2,2|  *@@@@@@@@@@@@@@@                                                                              
3,3,3|  .@@@@@@@@@@@@@@@:                                                                             
1,1,1|   -@@@@@@@@@@@@@@=                                                                             
0,0,0|    *@@@@@@@@@@@@@#                                                                             
0,0,0|     #@@@@@@@@@@@@@.                                                                            
0,0,0|     .%@@@@@@@@@@@@=                                                                            
0,0,0|      :@@@@@@@@@@@@%                                                                            
0,0,0|       -@@@@@@@@@@@@:                                                                           
0,0,0|        =@@@@@@@@@@@*                                                                           
0,0,0|         -@@@@@@@@@@@.                                                                          
0,0,0|          :%@@@@@@@@@#                                                                          
0,0,0|           .#@@@@@@@@@-                                                                         
255,255,255|