255,255,255|@@@@@@@@@@@@@@@@@@@@@@:                                                                         
255,255,255|@@@@@@@@@@@@@@@@@@@@@@                                                                          
255,255,255|@@@@@@@@@@@@@@@@@@@@@*                                                                          
254,254,254|@@@@@@@@@@@@@@@@@@@@@=                                                                          
248,248,248|@@@@@@@@@@@@@@@@@@@@@:                                                                          
231,231,231|@@@@@@@@@@@@@@@@@@@@@                                                                           
205,205,205|%@@@@@@@@@@@@@@@@@@@%                                                                           
146,146,146|+@@@@@@@@@@@@@@@@@@@*                                                                           
84,84,84|-@@@@@@@@@@@@@@@@@@@+                                                                           
28,28,28|.%@@@@@@@@@@@@@@@@@@=                                                                           
0,0,0| *@@@@@@@@@@@@@@@@@@=                                                                           
0,0,0| -@@@@@@@@@@@@@@@@@@=                                                                           
1,1,1|  %@@@@@@@@@@@@@@@@@=                                                                           
5,5,5|  =@@@@@@@@@@@@@@@@@=                                                                           
4,4,4|  .@@@@@@@@@@@@@@@@@+                                                                           
2,2,2|   +@@@@@@@@@@@@@@@@*                                                                           
0,0,0|   .%@@@@@@@@@@@@@@@#                                                                           
0,0,0|    =@@@@@@@@@@@@@@@%                                                                           
0,0,0|     %@@@@@@@@@@@@@@@                                                                           
0,0,0|     -@@@@@@@@@@@@@@@:                                                                          
0,0,0|      *@@@@@@@@@@@@@@=                                                                          
0,0,0|       %@@@@@@@@@@@@@*                                                                          
0,0,0|       :@@@@@@@@@@@@@@                                                                          
0,0,0|        =@@@@@@@@@@@@@:                                                                         
0,0,0|         +@@@@@@@@@@@@+                                                                         
0,0,0|          *@@@@@@@@@@@%                                                                         
0,0,0|           *@@@@@@@@@@@-                                                                        
0,0,0|            *@@@@@@@@@@#                                                                        
0,0,0|             *@@@@@@@@@@:                                                                       
0,0,0|              +@@@@@@@@@#                                                                       
0,0,0|               =@@@@@@@@@-                                                                      
0,0,0|                :#@@@@@@@%                                                                      
0,0,0|                  =%@@@@@@+                                                                     
0,0,0|                   .*@@@@@@:                                                                    
0,0,0|                     :*@@@@@.                                                                   
0,0,0|                       :*@@@%.                                                                  
255,255,255|