0,0,0|                                                                                                
0,0,0|                                                                                                
0,0,0|                                                                                                
0,0,0|                                                                                                
0,0,0|                                                                                                
0,0,0|                                                                                                
0,0,0|                                                                                                
0,0,0|                                             .                                                  
0,0,0|                                            +@# .+#%#*-.                                        
0,0,0|                                            +@@@@@@@@=-=-                                       
0,0,0|                                              :*@@@@@*=:                                        
1,1,1|                                             .**-+@@@@@@%+:                                     
1,1,1|                                              -#=+@@@@%%%%*.                                    
0,0,0|                                                %@@@@@-*%=                                      
0,0,0|                                                %*.%@@@@@#-:...                                 
0,0,0|                             .-::.             *+ =@@@@@@#*#%*=-=+****+:                        
0,0,0|                             .+*#@@%@%#*****++@@*@@@@@@@@@@@@@@@@@@@@@@@+:                      
0,0,0|                                 ::.:=+*+-:::::=@@@@@@@@@#%@@@@@@@@@@@@@@@=                     
0,0,0|                                        ::      ...  :@@@   :-=+**#%@@@@**:                     
0,0,0|                                                      =.-           .--.                        
0,0,0|                                                                                                
0,0,0|                                                                                                
0,0,0|                                                                                                
6,6,6|                                                                                                
5,5,5|                                                                                                
0,0,0|                                                                                                
0,0,0|                                                                                                
0,0,0|                                                                                                
0,0,0|                                                                                                
0,0,0|                                                                                                
0,0,0|                                                                                                
0,0,0|                                                                                                
0,0,0|                                                                                                
0,0,0|                                                                                                
0,0,0|                                                                                                
0,0,0|                                                                                                
255,255,255|