0,0,0|                                                                                                
0,0,0|                                :=*%%@%#+:       .::.                                           
0,0,0|                            .-*@@@@@@@@@@@%+-=*#%@@@@.                                          
0,0,0|                          -*@@@@@@@@@@@@@@@@@@@@@@@%-                                           
0,0,0|                        .#@@@@@@@@@@@@@@@@@@@@@@@%+                                             
0,0,0|                        @@@@@@@@@@@@@@@@@@@@@@@@@-                                              
0,0,0|                       .@@@@@@@@@@@@@@@@@@@@@@@@@@#:                                            
0,0,0|                        %@@@@@@@@@@@@@@@@@@@@@@@@@@%:                                           
0,0,0|                        +@@@@@@@@@@@@@@@@@@@@@@@@@@*                                            
0,0,0|                       -%@@@@@@@@@@@@@@@@@@@@@@@@%=                                             
0,0,0|                     .#@@@@@@@@@@@@@@@@@@@@@@@@@@+                                              
3,3,3|                    =@@@@@@@@@@@@@@@@@@@@@@@@@@@@@#.                                            
0,0,0|                    =##*+@@@@@@@@@@@@@@@@@@@@@@@@@.                                             
176,176,176|*###%%%%%%####**+==-..  .%@@@@@@@@@@@@@@@@@@@@@@@=                                              
255,255,255|@@@@@@@@@@@@@@@@@@@@@@@@@@@@@@@@@@@@@@@@@@@@@@@@*                                               
216,216,216|%%########%%%@@@@@@@@@@@@@@@@@@@@@@@@@@@@@@@@@@+                                                
4,4,4|               ..:-=+*%@@@@@@@@@@@@@@@@@@@@@@@@.                                                
0,0,0|                      :@@@@@@@@@@@@@@@@@@@@@@#:                                                 
1,1,1|                       :#@@@@@@@@@@@@@@@@@@@@@%*=:                                              
0,0,0|                         :+%@@@@@@@@@@@@@@@@@@@@@@@#=:                                          
0,0,0|                            .::@@@@@@@@@@@@@@@@@@@@@@@@#%%+:                                    
0,0,0|                               @@@@@@@@@@@@@@@@@@@@@@@@@@@@@@*=.                                
0,0,0|                              .%@@@@@@@@@@@@@@@@@@@%*%@@@@@@@@@@%:                              
0,0,0|                               -+@@@@@@@@@@@@@@@@@@@+=@@@@@@@@@@@%=.                            
0,0,0|                                .@@@@@@@@@@@@@@@@@@@@*@@@@@@@@@@@@@@#=.                         
0,0,0|                                -@@@@@@@@@@@@@@@@@@@@@@@@@@@@@@%@@@@@@@#-                       
0,0,0|                                :@@@@@@@@@@@@@@@@@@@@@@@@@@@@@*  -*@@@@@@%*#+.                  
0,0,0|                                 *@@@@@@@@@@@@@@@@@@@@@@@@@@@@@#.  .=#@@@@@@@@%:                
0,0,0|                                  :@@@@@@@@@@@@@@@@@@@@@@@@@@@@*      +@@@@@@@@@#               
0,0,0|                                   +@@@@@@@@@@@@@@@@@@@@@@@@@@+:--=+*#@@@@@@@@@@@=              
0,0,0|                                   .@@@@@@@@@@@@@@@@@@@@@@@@@@@@@@@@@@@@@@@@@@@@@@%-            
0,0,0|                                    #@@@@@@@@@@@@@@@@@@@@@@@@@@@@@@@@@@@@@@@#-*@@@@@#:          
0,0,0|                                    +@@@@@@@@@@@@@@@@@@@@@@@@@@@@@@@@@@@@@#:   .*@@@@@+         
0,0,0|                                    =@@@@@@@@@@@@@@@@%----===++*#%@@@@@@@@-      :#@@@@%:       
0,0,0|                                    :@@@@@@@@@@@@@@@*              :-+*#%+         =@@@@@+      
0,0,0|                                    +@@@@@@@@@@@@@@@=                               .#@@@@#.    
255,255,255|