0,0,0|                                                                                                
0,0,0|                                            .:-=**#####*-                                       
0,0,0|                                        .=#%@@@@@@@@@@@@@%-                                     
0,0,0|                                      .#@@@@@@@@@@@@@@@@@@@#.                                   
0,0,0|                                      *@@@@@@@@@@@@@@@@@@@@@@##%%%##*-                          
0,0,0|                                     .@@@@@@@@@@@@@@@@@@@@@@@@@@@@@@%-                          
0,0,0|                                     #@@@@@@@@@@@@@@@@@@@@@@@@@@@#=:                            
0,0,0|                                  .-*@@@@@@@@@@@@@@@@@@@@@@@@@@=                                
0,0,0|                                =#@@@@@@@@@@@@@@@@@@@@@@@@@@@@@@:                               
0,0,0|                               *@@@@@@@@@@@@@@@@@@@@@@@@@@@@@@@@%.                              
4,4,4|                                .:=@@@@@@@@@@@@@@@@@@@@@@@@@@@@@-.                              
0,0,0|       ........                  :*@@@@@@@@@@@@@@@@@@@@@@@@@@%*=                                
84,84,84|-=*#%%@@@@@@@@@@@%%##*+=-:.    -@@@@@@@@@@@@@@@@@@@@@@@@@@@%.                                   
255,255,255|@@@@@@@@@@@@@@@@@@@@@@@@@@@@%#*@@@@@@@@@@@@@@@@@@@@@@@@@@@@@+                                   
255,255,255|@@@%#**+++++++**##%%@@@@@@@@@@@@@@@@@@@@@@@@@@@@@@@@@@@@@@@-.                                   
131,131,131|+-.                  .:-=+#%@@@@@@@@@@@@@@@@@@@@@@@@@@@@@@-                                     
0,0,0|                             .-=*%@@@@@@@@@@@@@@@@@@@@@@@@-                                     
4,4,4|                                  -*@@@@@@@@@@@@@@@@@@@@@%                                      
0,0,0|                                    .-++%@@@@@@@@@@@@@@@+                                       
0,0,0|                                       :@@@@@@@@@@@@@@@@*=:                                     
0,0,0|                                       %@@@@@@@@@@@@@@@@@@@%+:                                  
0,0,0|                                      .@@@@@@@@@@@@@@@@@@@@@@@%#%#-                             
0,0,0|                                      =@@@@@@@@@@@@@@@@@@@@@@@@@@@@@*:                          
0,0,0|                                      =-@@@@@@@@@@@@@@@@@@%-%@@@@@@@@@@+-                       
0,0,0|                                        @@@@@@@@@@@@@@@@@@@--@@@@@@@@@@@@:                      
0,0,0|                                        %@@@@@@@@@@@@@@@@@@%+@@@@@@@@@@@@@*:                    
0,0,0|                                        %@@@@@@@@@@@@@@@@@@@@@@@@@@@@@@@@@@@%=                  
0,0,0|                                        %@@@@@@@@@@@@@@@@@@@@@@@@@@@@%=+@@@@@@@+.               
0,0,0|                                        #@@@@@@@@@@@@@@@@@@@@@@@@@@@@#. .=%@@@@@@@#-:           
0,0,0|                                        *@@@@@@@@@@@@@@@@@@@@@@@@@@@@@@:   :#@@@@@@@@+.         
0,0,0|                                        *@@@@@@@@@@@@@@@@@@@@@@@@@@@@#:    .%@@@@@@@@@@.        
0,0,0|                                        +@@@@@@@@@@@@@@@@@@@@@@@@@@@@%##%%@@@@@@@@@@@@@+        
0,0,0|                                        =@@@@@@@@@@@@@@@@@@@@@@@@@@@@@@@@@@@@@@@@@@@@@@@#.      
0,0,0|                                        =@@@@@@@@@@@@@@@@@@@@@@@@@@@@@@@@@@@@@@@@@+-%@@@@@=     
0,0,0|                                        :@@@@@@@@@@@@@@@@@@@%++*##%@@@@@@@@@@@@@+    +@@@@@#.   
0,0,0|                                        :@@@@@@@@@@@@@@@@@@*.       .:=*%@@@@@@@      :%@@@@@:  
255,255,255|