0,0,0|                                                     *@@@@@@@@@@@****+-.                        
0,0,0|                                                    *@@@@@@@@@@@:                               
0,0,0|                                                   *@@@@@@@@@@@+                               .
0,0,0|                                                  =@@@@@@@@@@@%                            .--+%
0,0,0|                                                 .@@@@@@+.#@@%.                          .+%%@@@
0,0,0|                                                 *@@@@%-  .==                           :#@@@@@@
0,0,0|                                                .@@@@@*-:                               @@@@#+##
0,0,0|                                                :@@@@@%+--:.                            -:.     
0,0,0|                                                .@@@@@@%+-:                                     
0,0,0|                                                 @@@@@**#=                                      
0,0,0|                                                 +@@@@#:                                        
0,0,0|                                                  *@#+*                                         
0,0,0|                                                   =*                                           
0,0,0|                                                                                                
0,0,0|                                                                                                
0,0,0|                                                                                                
0,0,0|                                                                                                
0,0,0|                                                                                                
0,0,0|                                                                                                
0,0,0|                                                              .....                             
0,0,0|                                    ..::--==++***###%%%%%@@@@@@@@@@@@@@%%%%#**+=-:..            
2,2,2|                      ..:--=++*##%%@@@@@@@@@@@@@@@@@@@@@@@@@@@@@@@@@@@@@@@@@@@@@@@@@@%#**++++**#
0,0,0|     ..::--==++**#%%@@@@@@@@@@@@@@@@@@@@@@@@@@@@@@@@@@@@@@@@@@@@@@@@@@@@@@@@@@@@@@@@@@@@@@@@@@@@
210,210,210|%%@@@@@@@@@@@@@@@@@@@@@@@@@@@@@@@@@@@@@@@@@@@@@@@@@@@@@@@@@@@@@@@@@@@@@@@@@@@@@@@@@@@@@@@@@@@@@@
194,194,194|#%%%@@@@@@@@@@@@@@@@@@@@@@@@@@@@@@@@@@@@@@@@@@@@@@@@@@@@@@@@@@@@@@@@@@@@@@@@@@@@@@@@@@@@@@@@@@@@
0,0,0|      ...::--==+**##%%@@@@@@@@@@@@@@@@@@@@@@@@@@@@@@@@@@@@@@@@@@@@@@@@@@@@@@@@@@@@@@@@@@@@@@@@@@
3,3,3|                       ..::-==+**##%%@@@@@@@@@@@@@@@@@@@@@@@@@@@@@@@@@@@@@@@@@@@@@@%#*+=--::--==
0,0,0|                                      ...::--==+++***#####%%%%%%%%%%%####**++=-:..              
0,0,0|                                                                                                
0,0,0|                                                                                                
0,0,0|                                                                                                
0,0,0|                                                                                                
0,0,0|                                                                                                
0,0,0|                                                                                                
0,0,0|                                                                                                
0,0,0|                                                                                                
255,255,255|