255,255,255|@@@@@@@@@@@@@@@@@@@@@%                                                                          
255,255,255|@@@@@@@@@@@@@@@@@@@@@+                                                                          
255,255,255|@@@@@@@@@@@@@@@@@@@@@:                                                                          
255,255,255|@@@@@@@@@@@@@@@@@@@@%                                                                           
255,255,255|@@@@@@@@@@@@@@@@@@@@*                                                                           
255,255,255|@@@@@@@@@@@@@@@@@@@@=                                                                           
255,255,255|@@@@@@@@@@@@@@@@@@@@:                                                                           
255,255,255|@@@@@@@@@@@@@@@@@@@@                                                                            
255,255,255|@@@@@@@@@@@@@@@@@@@%                                                                            
250,250,250|@@@@@@@@@@@@@@@@@@@#                                                                            
231,231,231|@@@@@@@@@@@@@@@@@@@*                                                                            
177,177,177|*@@@@@@@@@@@@@@@@@@+                                                                            
91,91,91|-@@@@@@@@@@@@@@@@@@+                                                                            
18,18,18| %@@@@@@@@@@@@@@@@@+                                                                            
0,0,0| +@@@@@@@@@@@@@@@@@=                                                                            
0,0,0| .@@@@@@@@@@@@@@@@@+                                                                            
4,4,4|  +@@@@@@@@@@@@@@@@*                                                                            
4,4,4|  .@@@@@@@@@@@@@@@@#                                                                            
0,0,0|   +@@@@@@@@@@@@@@@%                                                                            
0,0,0|   .%@@@@@@@@@@@@@@@.                                                                           
0,0,0|    -@@@@@@@@@@@@@@@:                                                                           
0,0,0|     *@@@@@@@@@@@@@@=                                                                           
0,0,0|     .%@@@@@@@@@@@@@#                                                                           
0,0,0|      -@@@@@@@@@@@@@@                                                                           
0,0,0|       +@@@@@@@@@@@@@-                                                                          
0,0,0|        *@@@@@@@@@@@@*                                                                          
0,0,0|         #@@@@@@@@@@@@                                                                          
0,0,0|         .%@@@@@@@@@@@-                                                                         
0,0,0|          .%@@@@@@@@@@#                                                                         
0,0,0|           .#@@@@@@@@@@:                                                                        
0,0,0|             *@@@@@@@@@#                                                                        
0,0,0|             .*@@@@@@@@@-                                                                       
0,0,0|               -%@@@@@@@%                                                                       
0,0,0|                .*@@@@@@@+                                                                      
0,0,0|                  -%@@@@@@:                                                                     
0,0,0|                    +%@@@@@.                                                                    
255,255,255|