0,0,0|                                                   ..:::.                                       
0,0,0|                                            .-+**%@@@@@@@@#=                                    
0,0,0|                                         :+%@@@@@@@@@@@@@@@@#.                                  
0,0,0|                                        -@@@@@@@@@@@@@@@@@@@@@=..                               
0,0,0|                                        %@@@@@@@@@@@@@@@@@@@@@@@@@@@@@%+                        
0,0,0|                                       +@@@@@@@@@@@@@@@@@@@@@@@@@@@@@@#-                        
0,0,0|                                      -@@@@@@@@@@@@@@@@@@@@@@@@@@%#+-.                          
0,0,0|                                   -*%@@@@@@@@@@@@@@@@@@@@@@@@@@@+                              
0,0,0|                                 *@@@@@@@@@@@@@@@@@@@@@@@@@@@@@@@@-                             
0,0,0|                                .+*#%@@@@@@@@@@@@@@@@@@@@@@@@@@@@@%.                            
4,4,4|                                    #@@@@@@@@@@@@@@@@@@@@@@@@@@@@@:.                            
0,0,0|     ..:---------::..            .=#@@@@@@@@@@@@@@@@@@@@@@@@@@%#=:                              
96,96,96|-+*#%@@@@@@@@@@@@@@@@@%%#*+=-:.  %@@@@@@@@@@@@@@@@@@@@@@@@@@@#                                  
255,255,255|@@@@@@@@@@@@@@@@@@@@@@@@@@@@@@@%%@@@@@@@@@@@@@@@@@@@@@@@@@@@@@-                                 
255,255,255|@@@%#*+=-::::::--==+*##%@@@@@@@@@@@@@@@@@@@@@@@@@@@@@@@@@@@@*.                                  
152,152,152|+-.                      .:=+*%@@@@@@@@@@@@@@@@@@@@@@@@@@@@@                                    
0,0,0|                                .-+*@@@@@@@@@@@@@@@@@@@@@@@@                                    
4,4,4|                                     -#@@@@@@@@@@@@@@@@@@@@+                                    
0,0,0|                                        .-@@@@@@@@@@@@@@@%=                                     
0,0,0|                                         #@@@@@@@@@@@@@@@@%*-                                   
0,0,0|                                        -@@@@@@@@@@@@@@@@@@@@@*=. .                             
0,0,0|                                        *@@@@@@@@@@@@@@@@@@@@@@@@%@%=.                          
0,0,0|                                       .%%@@@@@@@@@@@@@@@@@@@@@@@@@@@@#-.                       
0,0,0|                                       ::+@@@@@@@@@@@@@@@@@@*-%@@@@@@@@@@*=                     
0,0,0|                                         +@@@@@@@@@@@@@@@@@@@:=@@@@@@@@@@@@-                    
0,0,0|                                         +@@@@@@@@@@@@@@@@@@@*+@@@@@@@@@@@@@#-                  
0,0,0|                                         =@@@@@@@@@@@@@@@@@@@@@@@@@@@@@@@@@@@@%+.               
0,0,0|                                         =@@@@@@@@@@@@@@@@@@@@@@@@@@@@@%-+@@@@@@@*:.            
0,0,0|                                         -@@@@@@@@@@@@@@@@@@@@@@@@@@@@@%:  =%@@@@@@@#=:         
0,0,0|                                         -@@@@@@@@@@@@@@@@@@@@@@@@@@@@@@@:   :%@@@@@@@@+:       
0,0,0|                                         :@@@@@@@@@@@@@@@@@@@@@@@@@@@@@*:    -%@@@@@@@@@@.      
0,0,0|                                         .@@@@@@@@@@@@@@@@@@@@@@@@@@@@@%%@%@@@@@@@@@@@@@@+      
0,0,0|                                         .@@@@@@@@@@@@@@@@@@@@@@@@@@@@@@@@@@@@@@@@@@@@@@@@#.    
0,0,0|                                          @@@@@@@@@@@@@@@@@@@@@@@@@@@@@@@@@@@@@@@@@%=-%@@@@@=   
0,0,0|                                          %@@@@@@@@@@@@@@@@@@@#=++*#%@@@@@@@@@@@@@-    +@@@@@#. 
0,0,0|                                          %@@@@@@@@@@@@@@@@@@=        .:=*%@@@@@@#      -%@@@@%:
255,255,255|