0,0,0|                                                                                                
0,0,0|                                                                                                
0,0,0|                                                                                                
0,0,0|                                                                                                
0,0,0|                                                                                                
0,0,0|                                                                                                
0,0,0|                                                                                                
0,0,0|                                                                                                
0,0,0|                                                                                                
0,0,0|                                                                                                
0,0,0|                                                                     ::                         
0,0,0|                                                                                                
0,0,0|                                                                                                
0,0,0|                                                                  ...                           
0,0,0|                                                                                          .-**++
0,0,0|                                                                                    .:-#@@@@@@@@
1,1,1|                                                                           ...  -#%@@@@@@@@@@@@@
0,0,0|                   ...::---===++++++++++++===--:.                   .:=+#%%%#*+#@@@@@@@@@@@@@@@@
11,11,11|  ...::-==++*##%%@@@@@@@@@@@@@@@@@@@@@@@@@@@@@@@@@%#*+=-:::::-==+#%@@@@@@@@@%@@@@@@@@@@@@@@@@@@@
227,227,227|%@@@@@@@@@@@@@@@@@@@@@@@@@@@@@@@@@@@@@@@@@@@@@@@@@@@@@@@@@@@@@@@@@@@@@@@@@@@@#%@@@@@@@@@@@@@@@@@
255,255,255|@@@@@@@@@@@@@@@@@@@@@@@@@@@@@@@@@@@@@@@@@@@@@@@@@@@@@@@@@@@@@@@@@@@@@@@@@@@@@@@@@@@@@@@@@@@@@@@@
90,90,90|-==+**#%%@@@@@@@@@@@@@@@@@@@@@@@@@@@@@@@@@@@@@@@@@@@@@@@@@@@@@@@@@@@@@@@@@%#**+*##%@@@@@@%%%%@@@
0,0,0|          ..:--=+**##%%@@@@@@@@@@@@@@@@@@@@@@@@@@@@%##*+====++*#%@@@@@@@%#*+-.     .-++=:      .
4,4,4|                         ..:::---============--::.                .:=*#%%#+-:.                  
0,0,0|                                                                        .:::..                  
0,0,0|                                                                                ..              
0,0,0|                                                                                                
0,0,0|                            .                                                           +**+=--=
0,0,0|                                                                                        *@@@@@@@
0,0,0|                                                                                          :=++==
0,0,0|                                                                                                
0,0,0|                                                                                                
0,0,0|                                                                                                
0,0,0|                                                                                                
0,0,0|                                                                                                
0,0,0|                                                                                                
255,255,255|