0,0,0|                                                                                                
0,0,0|                                .-+*#%%#+:        ...                                           
0,0,0|                             :=#@@@@@@@@@@@*-:=*#%@@@*                                          
0,0,0|                          .=%@@@@@@@@@@@@@@@@@@@@@@@#.                                          
0,0,0|                         =@@@@@@@@@@@@@@@@@@@@@@@@#-                                            
0,0,0|                        =@@@@@@@@@@@@@@@@@@@@@@@@*                                              
0,0,0|                        *@@@@@@@@@@@@@@@@@@@@@@@@@#-                                            
0,0,0|                        =@@@@@@@@@@@@@@@@@@@@@@@@@@@=                                           
0,0,0|                        .@@@@@@@@@@@@@@@@@@@@@@@@@@@:                                           
0,0,0|                        +@@@@@@@@@@@@@@@@@@@@@@@@@#:                                            
0,0,0|                      =%@@@@@@@@@@@@@@@@@@@@@@@@@%                                              
2,2,2|                    .%@@@@@@@@@@@@@@@@@@@@@@@@@@@@%-                                            
0,0,0|                    :#%#+#@@@@@@@@@@@@@@@@@@@@@@@@+                                             
32,32,32|..::::::::::...         .+@@@@@@@@@@@@@@@@@@@@@@@#                                              
245,245,245|@@@@@@@@@@@@@@@@@%%#**+%@@@@@@@@@@@@@@@@@@@@@@@@@.                                              
255,255,255|@@@@@@@@@@@@@@@@@@@@@@@@@@@@@@@@@@@@@@@@@@@@@@@%.                                               
141,141,141|+===-----===++**#%%@@@@@@@@@@@@@@@@@@@@@@@@@@@@+                                                
0,0,0|                    .:-%@@@@@@@@@@@@@@@@@@@@@#=                                                 
4,4,4|                        *@@@@@@@@@@@@@@@@@@@@#+-.                                               
0,0,0|                         .=#@@@@@@@@@@@@@@@@@@@@@%*=:                                           
0,0,0|                             .:#@@@@@@@@@@@@@@@@@@@@@@#+%#-.                                    
0,0,0|                               #@@@@@@@@@@@@@@@@@@@@@@@@@@@@#=-                                 
0,0,0|                               #@@@@@@@@@@@@@@@@@@@@%@@@@@@@@@@@#.                              
0,0,0|                               :+%@@@@@@@@@@@@@@@@@@*#@@@@@@@@@@@#=.                            
0,0,0|                                 %@@@@@@@@@@@@@@@@@@@#@@@@@@@@@@@@@@#=.                         
0,0,0|                                 @@@@@@@@@@@@@@@@@@@@@@@@@@@@@@%@@@@@@@#-                       
0,0,0|                                 @@@@@@@@@@@@@@@@@@@@@@@@@@@@@*  =#@@@@@@@*#*:                  
0,0,0|                                 +@@@@@@@@@@@@@@@@@@@@@@@@@@@@%+.  .=#@@@@@@@@@-.               
0,0,0|                                  :%@@@@@@@@@@@@@@@@@@@@@@@@@@@%.     =@@@@@@@@@%               
0,0,0|                                   -@@@@@@@@@@@@@@@@@@@@@@@@@@*::-==+*@@@@@@@@@@@*.             
0,0,0|                                    @@@@@@@@@@@@@@@@@@@@@@@@@@@@@@@@@@@@@@@@@@@@@@@+            
0,0,0|                                    #@@@@@@@@@@@@@@@@@@@@@@@@@@@@@@@@@@@@@@@%-=%@@@@%=          
0,0,0|                                    =@@@@@@@@@@@@@@@@@@@@@@@@@@@@@@@@@@@@@@-    =@@@@@#:        
0,0,0|                                    -@@@@@@@@@@@@@@@@@=-====++**#%@@@@@@@@*       +@@@@@*       
0,0,0|                                    :@@@@@@@@@@@@@@@#.             :-+#%%#.        .*@@@@%-     
0,0,0|                                    -@@@@@@@@@@@@@@@+                                -@@@@@+    
255,255,255|