0,0,0|                                                                                                
0,0,0|                                                                                                
0,0,0|                                           ...                                                  
0,0,0|                                       :+#%@@@@#-                                               
0,0,0|                                   .=#@@@@@@@@@@@@+=+*#@@#                                      
0,0,0|                                 .*@@@@@@@@@@@@@@@@@@@@@+.                                      
0,0,0|                                 #@@@@@@@@@@@@@@@@@@@%-                                         
0,0,0|                                 %@@@@@@@@@@@@@@@@@@@@*.                                        
0,0,0|                                 *@@@@@@@@@@@@@@@@@@@@@@:                                       
0,0,0|                                :%@@@@@@@@@@@@@@@@@@@@@%.                                       
0,0,0|                              -#@@@@@@@@@@@@@@@@@@@@@%=                                         
0,0,0|                             =@@%@@@@@@@@@@@@@@@@@@@@#:                                         
0,0,0|                                .#@@@@@@@@@@@@@@@@@@@@-                                         
0,0,0|                               *@@@@@@@@@@@@@@@@@@@@@-                                          
3,3,3|        .:--==+++++++++===-::.+@@@@@@@@@@@@@@@@@@@@@-                                           
0,0,0|  .-+*%@@@@@@@@@@@@@@@@@@@@@@@@@@@@@@@@@@@@@@@@@@@@@                                            
170,170,170|*%@@@@@@@@%##***++****###%%@@@@@@@@@@@@@@@@@@@@@@%*:                                            
255,255,255|@@@@%*=:.                   .:-=+*%@@@@@@@@@@@@@@*.                                             
234,234,234|@#+:                               .-=@@@@@@@@@@@@@#+-.                                         
20,20,20|                                     .@@@@@@@@@@@@@@@@@%#%#=:                                   
0,0,0|                                     :@@@@@@@@@@@@@@@@@@@@@@@%#+:                               
1,1,1|                                     :=@@@@@@@@@@@@@@@@@@@@@@@@@%-                              
0,0,0|                                       %@@@@@@@@@@@@@@@@@@@@@@@@@@@#=.                          
0,0,0|                                      .@@@@@@@@@@@@@@@@@@@@@@@@#%@@@@@#=...                     
0,0,0|                                       *@@@@@@@@@@@@@@@@@@@@@@#  :+%@@@@@@@*=                   
0,0,0|                                       .@@@@@@@@@@@@@@@@@@@@@@@%    .+@@@@@@@%:                 
0,0,0|                                        %@@@@@@@@@@@@@@@@@@@@@%-..:--*@@@@@@@@@:                
0,0,0|                                        *@@@@@@@@@@@@@@@@@@@@@@@@@@@@@@@@@@@@@@@*.              
0,0,0|                                        =@@@@@@@@@@@@@@@@@@@@@@@@@@@@@@@@@%=-#@@@@*.            
0,0,0|                                        -@@@@@@@@@@@@@@#%@@@@@@@@@@@@@@@@#    :#@@@@+           
0,0,0|                                        :@@@@@@@@@@@@@-  ....:::-=*#%@@@@:      :#@@@%-         
0,0,0|                                        -@@@@@@@@@@@@%               .:-.         -%@@@*        
0,0,0|                                       .%@@@@@@@@@@@@@.                             *@@@%:      
0,0,0|                                      :%@@@@@@@@@@@@@@=                              -@@@@=     
0,0,0|                                     +@@@@@@@@@@@@@@@@#                               .#@@@*    
0,0,0|                                    #@@@@@@@@@@@@@@@@@@.                                *@@@#   
255,255,255|