0,0,0|                                                                                                
0,0,0|                                .-+#%%%#+:        ...                                           
0,0,0|                             :+%@@@@@@@@@@%+:-+*%@@@@-                                          
0,0,0|                          .+%@@@@@@@@@@@@@@@@@@@@@@@+                                           
0,0,0|                         *@@@@@@@@@@@@@@@@@@@@@@@@*.                                            
0,0,0|                        #@@@@@@@@@@@@@@@@@@@@@@@@=                                              
0,0,0|                        %@@@@@@@@@@@@@@@@@@@@@@@@@#-                                            
0,0,0|                        *@@@@@@@@@@@@@@@@@@@@@@@@@@@:                                           
0,0,0|                        =@@@@@@@@@@@@@@@@@@@@@@@@@@#.                                           
0,0,0|                       .*@@@@@@@@@@@@@@@@@@@@@@@@@+                                             
1,1,1|                      *@@@@@@@@@@@@@@@@@@@@@@@@@@*                                              
0,0,0|                    -@@@@@@@@@@@@@@@@@@@@@@@@@@@@@%:                                            
2,2,2|                    -###+%@@@@@@@@@@@@@@@@@@@@@@@@-                                             
214,214,214|%%%@@@@@@@@%%%##**+=-:. .*@@@@@@@@@@@@@@@@@@@@@@@*                                              
255,255,255|@@@@@@@@@@@@@@@@@@@@@@@@@@@@@@@@@@@@@@@@@@@@@@@@%                                               
182,182,182|#**++++++***##%%@@@@@@@@@@@@@@@@@@@@@@@@@@@@@@@*                                                
0,0,0|                 .::==#@@@@@@@@@@@@@@@@@@@@@@@@:                                                
2,2,2|                      .@@@@@@@@@@@@@@@@@@@@@@%-                                                 
0,0,0|                       :#@@@@@@@@@@@@@@@@@@@@@%#+:                                              
0,0,0|                         :*%@@@@@@@@@@@@@@@@@@@@@@@#+:                                          
0,0,0|                            .--#@@@@@@@@@@@@@@@@@@@@@@@##%+:                                    
0,0,0|                               #@@@@@@@@@@@@@@@@@@@@@@@@@@@@@*=.                                
0,0,0|                               #@@@@@@@@@@@@@@@@@@@%*%@@@@@@@@@@%-                              
0,0,0|                               -+%@@@@@@@@@@@@@@@@@@*:@@@@@@@@@@@@=.                            
0,0,0|                                 %@@@@@@@@@@@@@@@@@@@+@@@@@@@@@@@@@@#=.                         
0,0,0|                                .@@@@@@@@@@@@@@@@@@@@@@@@@@@@@@@@@@@@@@*:                       
0,0,0|                                 @@@@@@@@@@@@@@@@@@@@@@@@@@@@@%  =#@@@@@@%+*=                   
0,0,0|                                 +@@@@@@@@@@@@@@@@@@@@@@@@@@@@@*.  .=%@@@@@@@@#.                
0,0,0|                                  :%@@@@@@@@@@@@@@@@@@@@@@@@@@@%.     +@@@@@@@@@*               
0,0,0|                                   =@@@@@@@@@@@@@@@@@@@@@@@@@@*:::-=+*@@@@@@@@@@@=              
0,0,0|                                   .@@@@@@@@@@@@@@@@@@@@@@@@@@@@@@@@@@@@@@@@@@@@@@*:            
0,0,0|                                    #@@@@@@@@@@@@@@@@@@@@@@@@@@@@@@@@@@@@@@@%+#@@@@@+           
0,0,0|                                    +@@@@@@@@@@@@@@@@@@@@@@@@@@@@@@@@@@@@@%-   -#@@@@%-         
0,0,0|                                    -@@@@@@@@@@@@@@@@@=-===++**#%@@@@@@@@@=      =@@@@@#.       
0,0,0|                                    :@@@@@@@@@@@@@@@#.            .:=*%%@*         +@@@@@-      
0,0,0|                                    =@@@@@@@@@@@@@@@=                   .           :%@@@@+     
255,255,255|