255,255,255|@@@@@@@@@@@@@@@@@@@@@#                                                                          
255,255,255|@@@@@@@@@@@@@@@@@@@@@:                                                                          
255,255,255|@@@@@@@@@@@@@@@@@@@@*                                                                           
255,255,255|@@@@@@@@@@@@@@@@@@@@.                                                                           
255,255,255|@@@@@@@@@@@@@@@@@@@*                                                                            
255,255,255|@@@@@@@@@@@@@@@@@@@.                                                                            
255,255,255|@@@@@@@@@@@@@@@@@@*                                                                             
255,255,255|@@@@@@@@@@@@@@@@@@:                                                                             
255,255,255|@@@@@@@@@@@@@@@@@%                                                                              
255,255,255|@@@@@@@@@@@@@@@@@=                                                                              
255,255,255|@@@@@@@@@@@@@@@@@.                                                                              
255,255,255|@@@@@@@@@@@@@@@@#                                                                               
255,255,255|@@@@@@@@@@@@@@@@=                                                                               
255,255,255|@@@@@@@@@@@@@@@@:                                                                               
255,255,255|@@@@@@@@@@@@@@@@                                                                                
255,255,255|@@@@@@@@@@@@@@@#                                                                                
255,255,255|@@@@@@@@@@@@@@@*                                                                                
255,255,255|@@@@@@@@@@@@@@@+                                                                                
255,255,255|@@@@@@@@@@@@@@@=                                                                                
255,255,255|@@@@@@@@@@@@@@@-                                                                                
255,255,255|@@@@@@@@@@@@@@@-                                                                                
255,255,255|@@@@@@@@@@@@@@@-                                                                                
255,255,255|@@@@@@@@@@@@@@@-                                                                                
255,255,255|@@@@@@@@@@@@@@@-                                                                                
255,255,255|@@@@@@@@@@@@@@@=                                                                                
255,255,255|@@@@@@@@@@@@@@@*                                                                                
255,255,255|@@@@@@@@@@@@@@@#                                                                                
247,247,247|@@@@@@@@@@@@@@@@                                                                                
147,147,147|+@@@@@@@@@@@@@@@:                                                                               
18,18,18| %@@@@@@@@@@@@@@=                                                                               
0,0,0| :@@@@@@@@@@@@@@#                                                                               
3,3,3|  =@@@@@@@@@@@@@@.                                                                             *
2,2,2|   *@@@@@@@@@@@@@=                                                                            +@
0,0,0|    #@@@@@@@@@@@@%                                                                           =@@
0,0,0|    .#@@@@@@@@@@@@:                                                                         :@@@
0,0,0|     .%@@@@@@@@@@@*                                                                         *@@@
255,255,255|