0,0,0|                                                                                                
0,0,0|                                                                                                
0,0,0|                                                                                                
0,0,0|                                                                                                
0,0,0|                                                                                                
0,0,0|                                                                                                
0,0,0|                                                                                                
0,0,0|                                             :.                                                 
0,0,0|                                            -%@-.+#%#*=.                                        
0,0,0|                                            +%@@@@@@@=:=:                                       
0,0,0|                                              :*@@@@@#*=.                                       
0,0,0|                                             .**-*@@@@@@@+-                                     
0,0,0|                                              =#=+@@@@#%##*.                                    
0,0,0|                                                @@@@@@:=%*                                      
0,0,0|                                                ##:%@@@@@@-:...                                 
0,0,0|                             .::.              ** -%@@@@@%%%%#+--=+++++-                        
0,0,0|                             .*##@@%%%#*++*+++%@=%@@@@@@@@@@@@@@@@@@@@@@+:                      
0,0,0|                                 --.-=*%+-::---+@@@@@@@@@#%@@@@@@@@@@@@@@@+                     
0,0,0|                                        :.      .:.. -@@@.  :=+**#%@@@@@#*-                     
0,0,0|                                                      =:=           :-=:                        
0,0,0|                                                                                                
0,0,0|                                                                                                
0,0,0|                                                                                                
8,8,8|                                                                                                
6,6,6|                                                                                                
0,0,0|                                                                                                
0,0,0|                                                                                                
0,0,0|                                                                                                
0,0,0|                                                                                                
0,0,0|                                                                                                
0,0,0|                                                                                                
0,0,0|                                                                                                
0,0,0|                                                                                                
0,0,0|                                                                                                
0,0,0|                                                                                                
0,0,0|                                                                                                
255,255,255|