0,0,0|                                                                                                
0,0,0|                                 :=+#%%#*-                                                      
0,0,0|                             .:*%@@@@@@@@@@*-.:=*#%@@%                                          
0,0,0|                           :*@@@@@@@@@@@@@@@@@@@@@@@@-                                          
0,0,0|                         :#@@@@@@@@@@@@@@@@@@@@@@@@+.                                           
0,0,0|                        .@@@@@@@@@@@@@@@@@@@@@@@@%.                                             
0,0,0|                        :@@@@@@@@@@@@@@@@@@@@@@@@@#-                                            
0,0,0|                        .@@@@@@@@@@@@@@@@@@@@@@@@@@@*.                                          
0,0,0|                         %@@@@@@@@@@@@@@@@@@@@@@@@@@+                                           
0,0,0|                        -%@@@@@@@@@@@@@@@@@@@@@@@@@=.                                           
0,0,0|                      :#@@@@@@@@@@@@@@@@@@@@@@@@@@:                                             
0,0,0|                     *@@@@@@@@@@@@@@@@@@@@@@@@@@@@%=                                            
0,0,0|                    .#%#*#@@@@@@@@@@@@@@@@@@@@@@@@%.                                            
0,0,0|       ..                =@@@@@@@@@@@@@@@@@@@@@@@@:                                             
205,205,205|%%%%@@@@@@@@%%%###*+==-#@@@@@@@@@@@@@@@@@@@@@@@@@-                                              
255,255,255|@@@@@@@@@@@@@@@@@@@@@@@@@@@@@@@@@@@@@@@@@@@@@@@@-                                               
199,199,199|##*********###%%@@@@@@@@@@@@@@@@@@@@@@@@@@@@@@@%                                                
0,0,0|                 ..:-=+#@@@@@@@@@@@@@@@@@@@@@%+.                                                
1,1,1|                        +@@@@@@@@@@@@@@@@@@@@#-:                                                
0,0,0|                          =#@@@@@@@@@@@@@@@@@@@@@#+-.                                           
0,0,0|                             .:+@@@@@@@@@@@@@@@@@@@@@%*=#*:                                     
0,0,0|                               +@@@@@@@@@@@@@@@@@@@@@@@@@@@@#-:                                 
0,0,0|                               *@@@@@@@@@@@@@@@@@@@@@@@@@@@@@@@%#.                              
0,0,0|                               :+#@@@@@@@@@@@@@@@@@@##@@@@@@@@@@@#-.                            
0,0,0|                                 *@@@@@@@@@@@@@@@@@@@#@@@@@@@@@@@@@@*-.                         
0,0,0|                                 %@@@@@@@@@@@@@@@@@@@@@@@@@@@@@@@@@@@@@*-                       
0,0,0|                                 %@@@@@@@@@@@@@@@@@@@@@@@@@@@@# .=#@@@@@@%***.                  
0,0,0|                                 =@@@@@@@@@@@@@@@@@@@@@@@@@@@@%=   .=#@@@@@@@@@=.               
0,0,0|                                  :%@@@@@@@@@@@@@@@@@@@@@@@@@@@@:     -@@@@@@@@@@.              
0,0,0|                                   -@@@@@@@@@@@@@@@@@@@@@@@@@@#-::-==+%@@@@@@@@@@#.             
0,0,0|                                    @@@@@@@@@@@@@@@@@@@@@@@@@@@@@@@@@@@@@@@@@@@@@@@+.           
0,0,0|                                    *@@@@@@@@@@@@@@@@@@@@@@@@@@@@@@@@@@@@@@@@+=%@@@@@=          
0,0,0|                                    =@@@@@@@@@@@@@@@@@@@@@@@@@@@@@@@@@@@@@@=.   =%@@@@%-        
0,0,0|                                    :@@@@@@@@@@@@@@@@@+===+++**#%%@@@@@@@@%       +@@@@@*.      
0,0,0|                                    .@@@@@@@@@@@@@@@%:            .:=+#%@%:        .*@@@@@-     
0,0,0|                                    :@@@@@@@@@@@@@@@*                   .            :%@@@@*    
255,255,255|