0,0,0|                                                  .%@@@@@@@@@@@@@@@@@@@@@@+==+=---:             
0,0,0|                                                  *@@@@@@@@@@@@@@@@@@@@@@@@@@@@@@@@@.           
0,0,0|                                                 :@@@@@@@@@@@@@@@@@@@@@@@@@@@@@@@@#-            
0,0,0|                                                .#@@@@@@@@@@@@@@@@@@@@@@@@@@@@%*=.              
0,0,0|                                             :+#@@@@@@@@@@@@@@@@@@@@@@@@@@@@%.                  
0,0,0|                                           =%@@@@@@@@@@@@@@@@@@@@@@@@@@@@@@@@+                  
0,0,0|                                          -@@@@@@@@@@@@@@@@@@@@@@@@@@@@@@@@@@@=                 
0,0,0|                                            .:*@@@@@@@@@@@@@@@@@@@@@@@@@@@@@@%=.                
0,0,0|                                            :+%@@@@@@@@@@@@@@@@@@@@@@@@@@@@%#:                  
0,0,0|              .:-++**#######**++=--:.      +@@@@@@@@@@@@@@@@@@@@@@@@@@@@%-:                     
212,212,212|%##**++=++**#@@@@@@@@@@@@@@@@@@@@@@@@@%%#++@@@@@@@@@@@@@@@@@@@@@@@@@@@@@@-                      
255,255,255|@@@@@@@@@@@@@@@@@@@@@@@@@@@@@@@@@@@@@@@@@@@@@@@@@@@@@@@@@@@@@@@@@@@@@@@@*=                      
252,252,252|@@@@@@@@@@@@@@%*+-::.......::--=+*#%%@@@@@@@@@@@@@@@@@@@@@@@@@@@@@@@@@@-                        
255,255,255|@@@@@@@@@%*+-.                       ..-=*#%@@@@@@@@@@@@@@@@@@@@@@@@@@#                         
54,54,54|::::::..                                    .+%@@@@@@@@@@@@@@@@@@@@@@@:                         
0,0,0|                                               -*#%%@@@@@@@@@@@@@@@@@-                          
3,3,3|                                                   :@@@@@@@@@@@@@@@@%=:                         
0,0,0|                                                   #@@@@@@@@@@@@@@@@@@@%*-                      
0,0,0|                                                  :@@@@@@@@@@@@@@@@@@@@@@@@*-.                  
0,0,0|                                                  #@@@@@@@@@@@@@@@@@@@@@@@@@@@*+*+:             
0,0,0|                                                 -@#@@@@@@@@@@@@@@@@@@@@@@@@@@@@@@@#=           
0,0,0|                                                 ::+@@@@@@@@@@@@@@@@@@@@--*@@@@@@@@@@@#=        
0,0,0|                                                   *@@@@@@@@@@@@@@@@@@@@%. :@@@@@@@@@@@@@+      
0,0,0|                                                   #@@@@@@@@@@@@@@@@@@@@@:  *@@@@@@@@@@@@%:     
0,0,0|                                                   #@@@@@@@@@@@@@@@@@@@@@+ :%@@@@@@@@@@@@@@%=   
0,0,0|                                                   #@@@@@@@@@@@@@@@@@@@@@%=@@@@@@@@@@@@@@@@@@@+.
0,0,0|                                                   *@@@@@@@@@@@@@@@@@@@@@@@@@@@@@@@@@@%-#@@@@@@@
0,0,0|                                                   *@@@@@@@@@@@@@@@@@@@@@@@@@@@@@@@@@@@*.-#@@@@@
0,0,0|                                                   +@@@@@@@@@@@@@@@@@@@@@@@@@@@@@@@@@@@@:  :%@@@
0,0,0|                                                   =@@@@@@@@@@@@@@@@@@@@@@@@@@@@@@@@@@+:...+@@@@
0,0,0|                                                   =@@@@@@@@@@@@@@@@@@@@@@@@@@@@@@@@@@@@@@@@@@@@
0,0,0|                                                   -@@@@@@@@@@@@@@@@@@@@@@@@@@@@@@@@@@@@@@@@@@@@
0,0,0|                                                   :@@@@@@@@@@@@@@@@@@@@@@@@@@@@@@@@@@@@@@@@@@@@
0,0,0|                                                   :@@@@@@@@@@@@@@@@@@@@@@@#-=+*#%@@@@@@@@@@@@@*
0,0,0|                                                   -@@@@@@@@@@@@@@@@@@@@@%-        :-+#@@@@@@@% 
0,0,0|                                                  .%@@@@@@@@@@@@@@@@@@@@=              .-+#@@@- 
255,255,255|