0,0,0|                                                                                                
0,0,0|                                                                                                
0,0,0|                                                                                                
0,0,0|                                                                                                
0,0,0|                                                                                                
0,0,0|                                                                                                
0,0,0|                                                                                                
0,0,0|                                                                                                
0,0,0|                                                                                                
0,0,0|                                                                                                
0,0,0|                                                                                                
0,0,0|                                                                .:.                             
0,0,0|                                                                                                
0,0,0|                                                               ...                              
0,0,0|                                                                .                    .:...      
0,0,0|                                                                                :+++%@@@@@@@%%%%
1,1,1|                                                                          .=+*#%@@@@@@@@@@@@@@@@
0,0,0|                    ...::::------------:::..                    .:=+**++-+@@@@@@@@@@@@@@@@@@@@@@
11,11,11|  ...::-==++**##%%@@@@@@@@@@@@@@@@@@@@@@@@@@@%#*+=-:.....:-=+*#@@@@@@@#@@@@@@@@@@@@@@@@@@@@@@@@@
228,228,228|%@@@@@@@@@@@@@@@@@@@@@@@@@@@@@@@@@@@@@@@@@@@@@@@@@@@@@@@@@@@@@@@@@@@@@@%@@@@@@@@@@@@@@@@@@@@@@@@
255,255,255|@@@@@@@@@@@@@@@@@@@@@@@@@@@@@@@@@@@@@@@@@@@@@@@@@@@@@@@@@@@@@@@@@@@@@@@@@@@@@@@@@@@@@@@@#+=-::::
59,59,59|::-=++*##%@@@@@@@@@@@@@@@@@@@@@@@@@@@@@@@@@@@@@@@@@@@@@@@@@@@@@@@@@%#*++=+*#%@@@%%%%%%%@@@*-:   
0,0,0|           ..::-=++**#%%%@@@@@@@@@@@@@@@@@@@@%##*+=-::---=+*%@@@@@@#+=:.     .-=-.      .-#%+-. 
3,3,3|                           ....::::::::::...                  .-=*##*=::                   *#=: 
0,0,0|                                                                    ...                    :#+-.
0,0,0|                                                                              ::           +*=-.
0,0,0|                                                                                 ...    .-*#+-. 
0,0,0|                         ..                                                     .@@@@%%%@%*=-.  
0,0,0|                                                                                 :+#%%%*+-:.    
0,0,0|                                                                                                
0,0,0|                                                                                                
0,0,0|                                                                                                
0,0,0|                                                                                                
0,0,0|                                                                                                
0,0,0|                                                                                                
0,0,0|                                                                                                
255,255,255|