0,0,0|                                                                                                
0,0,0|                                :=*#%@%#+:       .::.                                           
0,0,0|                            .-*@@@@@@@@@@@%+-=*#%@@@@.                                          
0,0,0|                          -#@@@@@@@@@@@@@@@@@@@@@@@%:                                           
0,0,0|                        .#@@@@@@@@@@@@@@@@@@@@@@@%+                                             
0,0,0|                        @@@@@@@@@@@@@@@@@@@@@@@@@-                                              
0,0,0|                       .@@@@@@@@@@@@@@@@@@@@@@@@@@#:                                            
0,0,0|                        %@@@@@@@@@@@@@@@@@@@@@@@@@@%:                                           
0,0,0|                        +@@@@@@@@@@@@@@@@@@@@@@@@@@*                                            
0,0,0|                       -%@@@@@@@@@@@@@@@@@@@@@@@@%=                                             
0,0,0|                     .#@@@@@@@@@@@@@@@@@@@@@@@@@@+                                              
3,3,3|                    =@@@@@@@@@@@@@@@@@@@@@@@@@@@@@#                                             
0,0,0|                    =##*+@@@@@@@@@@@@@@@@@@@@@@@@@.                                             
163,163,163|**##########***+==-:.   :%@@@@@@@@@@@@@@@@@@@@@@@=                                              
255,255,255|@@@@@@@@@@@@@@@@@@@@@@@@@@@@@@@@@@@@@@@@@@@@@@@@*                                               
227,227,227|%%%%#####%%%@@@@@@@@@@@@@@@@@@@@@@@@@@@@@@@@@@@+                                                
12,12,12|              ..:-=+**@@@@@@@@@@@@@@@@@@@@@@@@@.                                                
0,0,0|                      :@@@@@@@@@@@@@@@@@@@@@@#:                                                 
1,1,1|                       :#@@@@@@@@@@@@@@@@@@@@@%*=:                                              
0,0,0|                         :+%@@@@@@@@@@@@@@@@@@@@@@%#=:                                          
0,0,0|                            .::@@@@@@@@@@@@@@@@@@@@@@@@#%%+:                                    
0,0,0|                               @@@@@@@@@@@@@@@@@@@@@@@@@@@@@@*=.                                
0,0,0|                              .%@@@@@@@@@@@@@@@@@@@%*@@@@@@@@@@@%:                              
0,0,0|                               -+@@@@@@@@@@@@@@@@@@@+=@@@@@@@@@@@%=:                            
0,0,0|                                .@@@@@@@@@@@@@@@@@@@@*@@@@@@@@@@@@@@#=.                         
0,0,0|                                -@@@@@@@@@@@@@@@@@@@@@@@@@@@@@@%@@@@@@@#-                       
0,0,0|                                :@@@@@@@@@@@@@@@@@@@@@@@@@@@@@*  -*@@@@@@@#%+.                  
0,0,0|                                 *@@@@@@@@@@@@@@@@@@@@@@@@@@@@@#.   -#@@@@@@@@%-                
0,0,0|                                  :@@@@@@@@@@@@@@@@@@@@@@@@@@@@*      +@@@@@@@@@#               
0,0,0|                                   +@@@@@@@@@@@@@@@@@@@@@@@@@@+:-==+*#@@@@@@@@@@@+              
0,0,0|                                   .@@@@@@@@@@@@@@@@@@@@@@@@@@@@@@@@@@@@@@@@@@@@@@%-            
0,0,0|                                    #@@@@@@@@@@@@@@@@@@@@@@@@@@@@@@@@@@@@@@@#:+@@@@@#:          
0,0,0|                                    +@@@@@@@@@@@@@@@@@@@@@@@@@@@@@@@@@@@@@#.   .*@@@@@+         
0,0,0|                                    =@@@@@@@@@@@@@@@@%-----==++*#%@@@@@@@@-      :#@@@@%-       
0,0,0|                                    :@@@@@@@@@@@@@@@*              .-+*#%+         -%@@@@*      
0,0,0|                                    +@@@@@@@@@@@@@@@=                                *@@@@%.    
255,255,255|