0,0,0|                                                                                                
0,0,0|                                :=*#%%%#+:        .:.                                           
0,0,0|                             :+%@@@@@@@@@@%+:-+#%@@@@-                                          
0,0,0|                          :+@@@@@@@@@@@@@@@@@@@@@@@@=                                           
0,0,0|                         *@@@@@@@@@@@@@@@@@@@@@@@@*.                                            
0,0,0|                        #@@@@@@@@@@@@@@@@@@@@@@@@=                                              
0,0,0|                        %@@@@@@@@@@@@@@@@@@@@@@@@@#-                                            
0,0,0|                        *@@@@@@@@@@@@@@@@@@@@@@@@@@@-                                           
0,0,0|                        -@@@@@@@@@@@@@@@@@@@@@@@@@@%.                                           
0,0,0|                       .*@@@@@@@@@@@@@@@@@@@@@@@@@+.                                            
0,0,0|                      +@@@@@@@@@@@@@@@@@@@@@@@@@@*                                              
3,3,3|                    :@@@@@@@@@@@@@@@@@@@@@@@@@@@@@%.                                            
0,0,0|                    -#%#+%@@@@@@@@@@@@@@@@@@@@@@@@-                                             
77,77,77|---===+=====--:::.      .#@@@@@@@@@@@@@@@@@@@@@@@*                                              
255,255,255|@@@@@@@@@@@@@@@@@@@%%#*%@@@@@@@@@@@@@@@@@@@@@@@@#                                               
255,255,255|@@@@@@@@@@@@@@@@@@@@@@@@@@@@@@@@@@@@@@@@@@@@@@@#                                                
82,82,82|-:::.....:::--==+*##%@@@@@@@@@@@@@@@@@@@@@@@@@@-                                                
0,0,0|                      :@@@@@@@@@@@@@@@@@@@@@@*-                                                 
3,3,3|                       .*@@@@@@@@@@@@@@@@@@@@%*=:.                                              
0,0,0|                         .+#@@@@@@@@@@@@@@@@@@@@@@#+-.                                          
0,0,0|                             ::%@@@@@@@@@@@@@@@@@@@@@@%*%#=:                                    
0,0,0|                               %@@@@@@@@@@@@@@@@@@@@@@@@@@@@%+-.                                
0,0,0|                               %@@@@@@@@@@@@@@@@@@@@#@@@@@@@@@@@%.                              
0,0,0|                               -+%@@@@@@@@@@@@@@@@@@+*@@@@@@@@@@@%=.                            
0,0,0|                                 @@@@@@@@@@@@@@@@@@@@#@@@@@@@@@@@@@@#=.                         
0,0,0|                                .@@@@@@@@@@@@@@@@@@@@@@@@@@@@@@%@@@@@@@#-                       
0,0,0|                                .@@@@@@@@@@@@@@@@@@@@@@@@@@@@@*  -*@@@@@@@#%*:                  
0,0,0|                                 +@@@@@@@@@@@@@@@@@@@@@@@@@@@@@*.  .-#@@@@@@@@@-                
0,0,0|                                  :%@@@@@@@@@@@@@@@@@@@@@@@@@@@*      +@@@@@@@@@%               
0,0,0|                                   =@@@@@@@@@@@@@@@@@@@@@@@@@@+:--=+*#@@@@@@@@@@@*              
0,0,0|                                   .@@@@@@@@@@@@@@@@@@@@@@@@@@@@@@@@@@@@@@@@@@@@@@@=            
0,0,0|                                    #@@@@@@@@@@@@@@@@@@@@@@@@@@@@@@@@@@@@@@@#-=@@@@@%-          
0,0,0|                                    +@@@@@@@@@@@@@@@@@@@@@@@@@@@@@@@@@@@@@%:    =@@@@@#:        
0,0,0|                                    -@@@@@@@@@@@@@@@@%----===++*#%@@@@@@@@=      .+@@@@@+       
0,0,0|                                    :@@@@@@@@@@@@@@@#              .-=*#%*         :#@@@@%:     
0,0,0|                                    =@@@@@@@@@@@@@@@=                                =@@@@@=    
255,255,255|