0,0,0|                                                    :@@@@@@@@@@@@@@@@@-                        .
0,0,0|                                                   .*@@@@@@@@@@@@@@@@=                          
0,0,0|                                                  -@@@@@@@@@@@@@@@@@=                          .
0,0,0|                                                 *@@@@@@@@@@%-:---:.                           %
0,0,0|                                               :%@@@@@@@@@@@=                                 +@
0,0,0|                                              :@@@@@@@%@@@@*                                .+@@
0,0,0|                                              %@@@@@*:+@@@#.                            .=++%@@@
0,0,0|                                             +@@@@@=  @@@+                             -%@@@@@@@
0,0,0|                                            :@@@@@#:  .-.                             +@@@@@@@@-
0,0,0|                                            +@@@@@#=:.                               :@@@#++%*. 
0,0,0|                                            +@@@@@@#+=:.                             .::        
0,0,0|                                            +@@@@%*##=                                          
0,0,0|                                            =@@@@@+:                                            
0,0,0|                                             *@@#@*                                             
0,0,0|                                              -@+                                               
0,0,0|                                                                                                
0,0,0|                                                                                                
0,0,0|                                                                                                
0,0,0|                                                                                                
0,0,0|                                                                                                
0,0,0|                                            ..:::---===+++++*********++++==--:..                
4,4,4|                            ..::-==+**#%%%@@@@@@@@@@@@@@@@@@@@@@@@@@@@@@@@@@@@@@@%#*+=-::.....:-
0,0,0|             ..::--=++*##%%@@@@@@@@@@@@@@@@@@@@@@@@@@@@@@@@@@@@@@@@@@@@@@@@@@@@@@@@@@@@@@@@@@@@@
91,91,91|--=++**##%%@@@@@@@@@@@@@@@@@@@@@@@@@@@@@@@@@@@@@@@@@@@@@@@@@@@@@@@@@@@@@@@@@@@@@@@@@@@@@@@@@@@@@
255,255,255|@@@@@@@@@@@@@@@@@@@@@@@@@@@@@@@@@@@@@@@@@@@@@@@@@@@@@@@@@@@@@@@@@@@@@@@@@@@@@@@@@@@@@@@@@@@@@@@@
33,33,33|..::-==++**##%%%@@@@@@@@@@@@@@@@@@@@@@@@@@@@@@@@@@@@@@@@@@@@@@@@@@@@@@@@@@@@@@@@@@@@@@@@@@@@@@@@
0,0,0|                 ..::--=++*##%%@@@@@@@@@@@@@@@@@@@@@@@@@@@@@@@@@@@@@@@@@@@@@@@@@@@@@@@@%#######%
2,2,2|                                ..::--=++**##%%%%@@@@@@@@@@@@@@@@@@@@@@@@@@@%%##*+=-:.          
0,0,0|                                                   .....:::::-------::::...                     
0,0,0|                                                                                                
0,0,0|                                                                                                
0,0,0|                                                                                                
0,0,0|                                                                                                
0,0,0|                                                                                                
0,0,0|                                                                                                
0,0,0|                                                                                                
255,255,255|