0,0,0|                                                                                                
0,0,0|                                                                                                
0,0,0|                                                                                                
0,0,0|                                                                                                
0,0,0|                                                                                                
0,0,0|                                                                                                
0,0,0|                                                                                                
0,0,0|                                                                                                
0,0,0|                                                                                                
0,0,0|                                                                             ..                 
0,0,0|                                                                                                
0,0,0|                                                                                                
0,0,0|                                                                                                
0,0,0|                                                                        ..                      
0,0,0|                                                                                                
0,0,0|                                                                                             .::
0,0,0|                                                                                    .:-:.  =%@@@
4,4,4|                          ...:::---======++++=====--::..                      :-=*#@@@%#+#@@@@@@
0,0,0|          ..::-==+**##%%@@@@@@@@@@@@@@@@@@@@@@@@@@@@@@@@@%#*+=-:......:-=+*#%@@@@@@@@%%#%@@@@@@@
131,131,131|++**##%%@@@@@@@@@@@@@@@@@@@@@@@@@@@@@@@@@@@@@@@@@@@@@@@@@@@@@@@@@@@@@@@@@@@@@@@@@@@@@@%@##@@@@@@
255,255,255|@@@@@@@@@@@@@@@@@@@@@@@@@@@@@@@@@@@@@@@@@@@@@@@@@@@@@@@@@@@@@@@@@@@@@@@@@@@@@@@@@@@@@@@@%@@@@@@@
202,202,202|#%%@@@@@@@@@@@@@@@@@@@@@@@@@@@@@@@@@@@@@@@@@@@@@@@@@@@@@@@@@@@@@@@@@@@@@@@@@@@@@@@@@@@%%%%@@@@@@
0,0,0|    ..::-=++*##%%@@@@@@@@@@@@@@@@@@@@@@@@@@@@@@@@@@@@@@@@@@@@@@@@@@@@@@@@@@@@@@@@@@@@%%*=:...:-+
0,0,0|                  ..:--=++**##%%%@@@@@@@@@@@@@@@@@@@@@@%%#*+=-:..     .:-=+*%@@@@@@@#*=-.       
0,0,0|                                    ....::::::::::...                         .:=*##***+-.      
0,0,0|                                                                                    .::..       
0,0,0|                                                                                                
0,0,0|                                                                                                
0,0,0|                                                                                                
0,0,0|                                                                                                
0,0,0|                                                                                                
0,0,0|                                                                                                
0,0,0|                                                                                                
0,0,0|                                                                                                
0,0,0|                                                                                                
0,0,0|                                                                                                
255,255,255|