0,0,0|                                                                                                
0,0,0|                                                                                                
0,0,0|                                                                                                
0,0,0|                                                                                                
0,0,0|                                                                                                
0,0,0|                                                                                                
0,0,0|                                                                                                
0,0,0|                                                                                                
0,0,0|                                                                                                
0,0,0|                                                                                               -
0,0,0|                                                                                               .
0,0,0|                                                                                                
0,0,0|                                                                                                
0,0,0|                                              .-:                                               
0,0,0|                                                                                                
0,0,0|                                                   :.                                           
1,1,1|                                                   :      --*%%#####******+++===----::::.....   
0,0,0|                                                     -+*#@@@@@@@@@@@@@@@@@@@@@@@@@@@@@@@@@@@@@@@
21,21,21| ..::--==++**###%%%%%%%%%%%%%##*+=-:.     .:-=*#%#**%@@@@@@@@@@@@@@@@@@@@@@@@@@@@@@@@@@@@@@@@@@@
255,255,255|@@@@@@@@@@@@@@@@@@@@@@@@@@@@@@@@@@@@@@%%%@@@@@@@@@@@@@@@@@@@@@@@@@@%%%%%%%%%@@@@@@@@@@@@@@@@@@@@
156,156,156|**#%%@@@@@@@@@@@@@@@@@@@@@@@@@@@@@@@@@@@@@@@@@@@@@@@@@@@@@@@@@@*:               ...::--==++*##%%
0,0,0|      ..:-==+*##%%%@@@@@@@@@@@@@@%#**+++*#%@@@@@@#+:.:-+#+---=+#%-.                             
4,4,4|                     ...........            .-+*%#-.            +#-                             
0,0,0|                                                 .              =#-                             
0,0,0|                                                         ..   :+#=.                             
0,0,0|                                                         %@@@%%*-                               
0,0,0|                                                          .:-:.     .:                          
0,0,0|                                                                                                
0,0,0|                :.                                                                              
0,0,0|                                                                                                
0,0,0|                                                                                                
0,0,0|                                                                                                
0,0,0|                                                                                                
0,0,0|                                                                                                
0,0,0|                                                                                                
0,0,0|                                                                                                
255,255,255|