0,0,0|                                                                                                
0,0,0|                                             :-=+****+=:                                        
0,0,0|                                        -+#%@@@@@@@@@@@@#.                                      
0,0,0|                                      +@@@@@@@@@@@@@@@@@@@+                                     
0,0,0|                                     *@@@@@@@@@@@@@@@@@@@@@%###%###*:                           
0,0,0|                                    .@@@@@@@@@@@@@@@@@@@@@@@@@@@@@@#:                           
0,0,0|                                    *@@@@@@@@@@@@@@@@@@@@@@@@@@%*=.                             
0,0,0|                                  .=@@@@@@@@@@@@@@@@@@@@@@@@@@=                                 
0,0,0|                               .=#@@@@@@@@@@@@@@@@@@@@@@@@@@@@@.                                
0,0,0|                              +@@@@@@@@@@@@@@@@@@@@@@@@@@@@@@@@%.                               
3,3,3|                              :==+@@@@@@@@@@@@@@@@@@@@@@@@@@@@@-.                               
0,0,0|                                 -@@@@@@@@@@@@@@@@@@@@@@@@@@%*=                                 
81,81,81|-=+*#%%%@@@@@%%%##**+=-:..    .*@@@@@@@@@@@@@@@@@@@@@@@@@@@:                                    
255,255,255|@@@@@@@@@@@@@@@@@@@@@@@@@@%#*+#@@@@@@@@@@@@@@@@@@@@@@@@@@@@*                                    
255,255,255|@@@%%#********##%%@@@@@@@@@@@@@@@@@@@@@@@@@@@@@@@@@@@@@@@@=.                                    
119,119,119|=:.                .:-=+*#%@@@@@@@@@@@@@@@@@@@@@@@@@@@@@@+                                      
0,0,0|                           .:-+#@@@@@@@@@@@@@@@@@@@@@@@@@=                                      
4,4,4|                                .=%@@@@@@@@@@@@@@@@@@@@@@.                                      
0,0,0|                                   :+*#%@@@@@@@@@@@@@@@*.                                       
0,0,0|                                       #@@@@@@@@@@@@@@@*=.                                      
0,0,0|                                      +@@@@@@@@@@@@@@@@@@@%+:                                   
0,0,0|                                      %@@@@@@@@@@@@@@@@@@@@@@%*%#-                              
0,0,0|                                     .@@@@@@@@@@@@@@@@@@@@@@@@@@@@@*:                           
0,0,0|                                     -=*@@@@@@@@@@@@@@@@@@=#@@@@@@@@@@+-                        
0,0,0|                                       *@@@@@@@@@@@@@@@@@@+.@@@@@@@@@@@@-                       
0,0,0|                                       *@@@@@@@@@@@@@@@@@@@+@@@@@@@@@@@@@#-                     
0,0,0|                                       +@@@@@@@@@@@@@@@@@@@@@@@@@@@@@@@@@@@%=.                  
0,0,0|                                       =@@@@@@@@@@@@@@@@@@@@@@@@@@@@@=+@@@@@@@+.                
0,0,0|                                       =@@@@@@@@@@@@@@@@@@@@@@@@@@@@%.  -#@@@@@@@%-:            
0,0,0|                                       -@@@@@@@@@@@@@@@@@@@@@@@@@@@@@@-   :*@@@@@@@@+:          
0,0,0|                                       :@@@@@@@@@@@@@@@@@@@@@@@@@@@@#:     *@@@@@@@@@@:         
0,0,0|                                       :@@@@@@@@@@@@@@@@@@@@@@@@@@@@%##%%%@@@@@@@@@@@@*         
0,0,0|                                       .@@@@@@@@@@@@@@@@@@@@@@@@@@@@@@@@@@@@@@@@@@@@@@@%:       
0,0,0|                                        @@@@@@@@@@@@@@@@@@@@@@@@@@@@@@@@@@@@@@@@@*-#@@@@@+      
0,0,0|                                        %@@@@@@@@@@@@@@@@@@@*+*##%@@@@@@@@@@@@@*.   =@@@@@%:    
0,0,0|                                        %@@@@@@@@@@@@@@@@@%:       .:=*%@@@@@@@:     .#@@@@@-   
255,255,255|