0,0,0|                                                                                                
0,0,0|                                       ..:.                                                     
0,0,0|                                   -+#%@@@@@*-       ...                                        
0,0,0|                               .=#%@@@@@@@@@@@%+-+*%%@@@:                                       
0,0,0|                             :*@@@@@@@@@@@@@@@@@@@@@@@#:                                        
0,0,0|                            =@@@@@@@@@@@@@@@@@@@@@@@*-                                          
0,0,0|                            %@@@@@@@@@@@@@@@@@@@@@@@-                                           
0,0,0|                            #@@@@@@@@@@@@@@@@@@@@@@@@#:                                         
0,0,0|                            +@@@@@@@@@@@@@@@@@@@@@@@@@*.                                        
0,0,0|                           .*@@@@@@@@@@@@@@@@@@@@@@@@%-                                         
0,0,0|                         .+@@@@@@@@@@@@@@@@@@@@@@@@@=                                           
0,0,0|                        =@@@@@@@@@@@@@@@@@@@@@@@@@@@=.                                          
0,0,0|                        =*+=+@@@@@@@@@@@@@@@@@@@@@@@#.                                          
1,1,1|                           :*@@@@@@@@@@@@@@@@@@@@@@%.                                           
0,0,0|   ..::::::::-::::..      %@@@@@@@@@@@@@@@@@@@@@@@@.                                            
202,202,202|#%@@@@@@@@@@@@@@@@@@@%%%##@@@@@@@@@@@@@@@@@@@@@@@@:                                             
255,255,255|@@@@@@@@@@@@@@@@@@@@@@@@@@@@@@@@@@@@@@@@@@@@@@@@@#                                              
185,185,185|#*+=---::::::::--==+**#%%@@@@@@@@@@@@@@@@@@@@@@#=                                               
0,0,0|                         ..:*@@@@@@@@@@@@@@@@@@*.                                               
2,2,2|                              :+*#@@@@@@@@@@@@@@@%*=:                                           
0,0,0|                                  %@@@@@@@@@@@@@@@@@@@#+*#=:                                    
0,0,0|                                 .@@@@@@@@@@@@@@@@@@@@@@@@@@%+=:                                
0,0,0|                                  %@@@@@@@@@@@@@@@@@@@@@@@@@@@@@@-                              
0,0,0|                                  :=@@@@@@@@@@@@@@@@@@@@@@@@@@@@@@*-                            
0,0,0|                                   +@@@@@@@@@@@@@@@@@@@@@@@@@@@@@@@@@*-.                        
0,0,0|                                   #@@@@@@@@@@@@@@@@@@@@@@@@@@@%#@@@@@@@*-...                   
0,0,0|                                   =@@@@@@@@@@@@@@@@@@@@@@@@@@%. .-*%@@@@@@@@*=                 
0,0,0|                                    -@@@@@@@@@@@@@@@@@@@@@@@@@@@=    :+@@@@@@@@#-               
0,0,0|                                     #@@@@@@@@@@@@@@@@@@@@@@@@@#:   ..=@@@@@@@@@@:              
0,0,0|                                     =@@@@@@@@@@@@@@@@@@@@@@@@@##%%@@@@@@@@@@@@@@@+.            
0,0,0|                                     :@@@@@@@@@@@@@@@@@@@@@@@@@@@@@@@@@@@@@@@##@@@@@+           
0,0,0|                                     .@@@@@@@@@@@@@@@@@@@@@@@@@@@@@@@@@@@@@#-  -#@@@@%=         
0,0,0|                                      %@@@@@@@@@@@@@@@%++**###%%@@@@@@@@@@@      -#@@@@%:       
0,0,0|                                      #@@@@@@@@@@@@@@*           .:=+#@@@@=        -%@@@@*      
0,0,0|                                      %@@@@@@@@@@@@@@:                 .:.           =@@@@%-    
0,0,0|                                     +@@@@@@@@@@@@@@@=                                :#@@@@=   
255,255,255|