0,0,0|                                                                                                
0,0,0|                                                                                                
0,0,0|                                                                                                
0,0,0|                                                                                                
0,0,0|                                                                                                
0,0,0|                                                                                               -
0,0,0|                                                                                            :+@@
0,0,0|                                                                                           +@@@@
0,0,0|                                                                                          *@@@@@
0,0,0|                                                                                         #@@@@@@
0,0,0|                                                                                         @@@@@@@
0,0,0|                                                                                         +@@@@@@
0,0,0|                                                                                          :+@@@@
0,0,0|                                           ::                                               .-*@
0,0,0|                                          ::                                                   %
0,0,0|                                                                                               +
2,2,2|                                                -:    .:+**++++++=====---::::......             
0,0,0|                                                .:=+*%@@@@@@@@@@@@@@@@@@@@@@@@@@@@@@@@%%%%##**++
29,29,29|...::--==++**###%%%%%%%%%%##*+=-:.     .:-=*##*+*@@@@@@@@@@@@@@@@@@@@@@@@@@@@@@@@@@@@@@@@@@@@@@@
255,255,255|@@@@@@@@@@@@@@@@@@@@@@@@@@@@@@@@@@@%%%@@@@@@@@@@@@@@@@@@@@%%%%%%%%%%%%%%%%@@@@@@@@@@@@@@@@@@@@@@
129,129,129|++*##%@@@@@@@@@@@@@@@@@@@@@@@@@@@@@@@@@@@@@@@@@%%@@@@@@@@@#=.                ..:::--=++*##%%@@@@
0,0,0|       ..:--=+**###%%%%%@@@%%%#*+=---=+*%@@@@@*-..:=*=:::-+%+.                               .:-
4,4,4|                                          .-+*=.           :%-                                  
0,0,0|                                                           =#-                                  
0,0,0|                                                    .++--=##-                                   
0,0,0|                                                    .+#%#*-.                                    
0,0,0|                                                                  :-                            
0,0,0|                                                                   .                            
0,0,0|              :.                                                                                
0,0,0|                                                                                                
0,0,0|                                                                                                
0,0,0|                                                                                                
0,0,0|                                                                                                
0,0,0|                                                                                                
0,0,0|                                                                                                
0,0,0|                                                                                                
255,255,255|