0,0,0|                                                 .#@@@@@@@@@@@@@@@@@@@@@-                       
0,0,0|                                                 *@@@@@@@@@@@@@@@@@@@@@@@%@@%%%%#*-             
0,0,0|                                                :@@@@@@@@@@@@@@@@@@@@@@@@@@@@@@@@@=             
0,0,0|                                                #@@@@@@@@@@@@@@@@@@@@@@@@@@@@@%*-               
0,0,0|                                             :=#@@@@@@@@@@@@@@@@@@@@@@@@@@@*-.                  
0,0,0|                                          :+%@@@@@@@@@@@@@@@@@@@@@@@@@@@@@@#                    
0,0,0|                                         =@@@@@@@@@@@@@@@@@@@@@@@@@@@@@@@@@@*                   
0,0,0|                                          -=+%@@@@@@@@@@@@@@@@@@@@@@@@@@@@@@%-                  
4,4,4|                                            :%@@@@@@@@@@@@@@@@@@@@@@@@@@@@@%.                   
0,0,0|               .::--=====---::..          +@@@@@@@@@@@@@@@@@@@@@@@@@@@@%*=:.                    
106,106,106|=--:::::::-+*%%@@@@@@@@@@@@@@@@@@%%#*+=-.-@@@@@@@@@@@@@@@@@@@@@@@@@@@@@*                        
255,255,255|@@@@@@@@@@@@@@@@@@@@@@@@@@@@@@@@@@@@@@@@@@@@@@@@@@@@@@@@@@@@@@@@@@@@@@@%:                       
247,247,247|@@@@@@@@@@@@@@%#*+========++*##%@@@@@@@@@@@@@@@@@@@@@@@@@@@@@@@@@@@@@%-                         
255,255,255|@@@@@@@@@%#+-.                   .:-=+*%@@@@@@@@@@@@@@@@@@@@@@@@@@@@@                           
129,129,129|+++++=-:.                                .:=%@@@@@@@@@@@@@@@@@@@@@@@*                           
0,0,0|                                             -*%@@@@@@@@@@@@@@@@@@@#                            
4,4,4|                                                .:=@@@@@@@@@@@@@@@@=                            
0,0,0|                                                  #@@@@@@@@@@@@@@@@@@#=.                        
0,0,0|                                                 -@@@@@@@@@@@@@@@@@@@@@@%+:                     
0,0,0|                                                 %@@@@@@@@@@@@@@@@@@@@@@@@@%+-=-.               
0,0,0|                                                -%%@@@@@@@@@@@@@@@@@@@@@@@@@@@@@@*-             
0,0,0|                                                =-#@@@@@@@@@@@@@@@@@@@#=#@@@@@@@@@@%+:          
0,0,0|                                                  %@@@@@@@@@@@@@@@@@@@@- .%@@@@@@@@@@@%+        
0,0,0|                                                 .%@@@@@@@@@@@@@@@@@@@@#  =@@@@@@@@@@@@@:       
0,0,0|                                                 .%@@@@@@@@@@@@@@@@@@@@%  +@@@@@@@@@@@@@@#-     
0,0,0|                                                  %@@@@@@@@@@@@@@@@@@@@@+*@@@@@@@@@@@@@@@@@%=   
0,0,0|                                                  %@@@@@@@@@@@@@@@@@@@@@@@@@@@@@@@@@%=%@@@@@@@=.
0,0,0|                                                  #@@@@@@@@@@@@@@@@@@@@@@@@@@@@@@@@@@+.-#@@@@@@@
0,0,0|                                                  #@@@@@@@@@@@@@@@@@@@@@@@@@@@@@@@@@@@=  :#@@@@@
0,0,0|                                                  *@@@@@@@@@@@@@@@@@@@@@@@@@@@@@@@@@#-   :%@@@@@
0,0,0|                                                  *@@@@@@@@@@@@@@@@@@@@@@@@@@@@@@@@@%%%%%@@@@@@@
0,0,0|                                                  +@@@@@@@@@@@@@@@@@@@@@@@@@@@@@@@@@@@@@@@@@@@@@
0,0,0|                                                  =@@@@@@@@@@@@@@@@@@@@@@@@@@@@@@@@@@@@@@@@@@@@@
0,0,0|                                                  -@@@@@@@@@@@@@@@@@@@@@@@*+*#%@@@@@@@@@@@@@@@+-
0,0,0|                                                  +@@@@@@@@@@@@@@@@@@@@@*:      .:=*%@@@@@@@@=  
0,0,0|                                                 .%@@@@@@@@@@@@@@@@@@@%:             .-+%@@@%   
255,255,255|