255,255,255|@@@@@@@@@@@@@@@@@@@@@@@@@@@@@@@@@@@+                                                            
255,255,255|@@@@@@@@@@@@@@@@@@@@@@@@@@@@@@@@@@@+                                                            
255,255,255|@@@@@@@@@@@@@@@@@@@@@@@@@@@@@@@@@@@+                                                            
255,255,255|@@@@@@@@@@@@@@@@@@@@@@@@@@@@@@@@@@@+                                                            
255,255,255|@@@@@@@@@@@@@@@@@@@@@@@@@@@@@@@@@@@+                                                            
255,255,255|@@@@@@@@@@@@@@@@@@@@@@@@@@@@@@@@@@@+                                                            
255,255,255|@@@@@@@@@@@@@@@@@@@@@@@@@@@@@@@@@@@+                                                            
255,255,255|@@@@@@@@@@@@@@@@@@@@@@@@@@@@@@@@@@@+                                                            
255,255,255|@@@@@@@@@@@@@@@@@@@@@@@@@@@@@@@@@@@+                                                            
255,255,255|@@@@@@@@@@@@@@@@@@@@@@@@@@@@@@@@@@@+                                                            
255,255,255|@@@@@@@@@@@@@@@@@@@@@@@@@@@@@@@@@@@+                                                            
255,255,255|@@@@@@@@@@@@@@@@@@@@@@@@@@@@@@@@@@@+                                                            
253,253,253|@@@@@@@@@@@@@@@@@@@@@@@@@@@@@@@@@@@+                                                            
255,255,255|@@%*+=++*%@@@@@@@@@@@@@@@@@@@@@@@@@+                                                            
137,137,137|+:        :+%@@@@@@@@@@@@@@@@@@@@@@+                          :=****+-.                         
0,0,0|            :#@@@@@@@@@@@@@@@@@@@@@+                        +@@@@@@@@@@+.                       
1,1,1|             :#@@@@@@@@@@@@@@@@@@@@+                       %@@@@@@@@@@@@@*:..  .::=.            
0,0,0|             .*@@@@@@@@@@@@@@@@@@@@+              ..:---==#@@@@@@@@@@@@@@@@@%@@@@@@@*-          
2,2,2|             :*@@@@@@@@@@@@@@@@@@@@+             :++#%#%%%%@@@@@@@@@@@@@@@@@@@@@@@@@@=          
0,0,0|             +@@@@@@@@@@@@@@@@@@@@@+                       +@@@@@@@@@@@@@@*:-=++***-            
52,52,52|:          :*@@@@@@@@@@@@@@@@@@@@@@+                        -#@@@@@@@@#**-                      
239,239,239|@#=:....-=#@@@@@@@@@@@@@@@@@@@@@@@@+                          .-=++=-.                          
255,255,255|@@@@@@@@@@@@@@@@@@@@@@@@@@@@@@@@@@@+                                                            
254,254,254|@@@@@@@@@@@@@@@@@@@@@@@@@@@@@@@@@@@+                                                            
255,255,255|@@@@@@@@@@@@@@@@@@@@@@@@@@@@@@@@@@@+                                                            
255,255,255|@@@@@@@@@@@@@@@@@@@@@@@@@@@@@@@@@@@+                                                            
255,255,255|@@@@@@@@@@@@@@@@@@@@@@@@@@@@@@@@@@@+                                                            
255,255,255|@@@@@@@@@@@@@@@@@@@@@@@@@@@@@@@@@@@+                                                            
255,255,255|@@@@@@@@@@@@@@@@@@@@@@@@@@@@@@@@@@@+                                                            
255,255,255|@@@@@@@@@@@@@@@@@@@@@@@@@@@@@@@@@@@+                                                            
255,255,255|@@@@@@@@@@@@@@@@@@@@@@@@@@@@@@@@@@@+                                                            
255,255,255|@@@@@@@@@@@@@@@@@@@@@@@@@@@@@@@@@@@+                                                            
255,255,255|@@@@@@@@@@@@@@@@@@@@@@@@@@@@@@@@@@@+                                                            
255,255,255|@@@@@@@@@@@@@@@@@@@@@@@@@@@@@@@@@@@+                                                            
255,255,255|@@@@@@@@@@@@@@@@@@@@@@@@@@@@@@@@@@@+                                                            
255,255,255|@@@@@@@@@@@@@@@@@@@@@@@@@@@@@@@@@@@+                                                            
255,255,255|