0,0,0|                                                                                                
0,0,0|                                                                                                
0,0,0|                                                                                                
0,0,0|                                                                                                
0,0,0|                                                                                                
0,0,0|                                                                                                
0,0,0|                                                                                                
0,0,0|                                                                                                
0,0,0|                                                               =#%#= .                          
0,0,0|                                                            :-#@@@@+                            
0,0,0|                                                         .-*@@@@@@@*:.                          
0,0,0|                                                         +*+*@@@@@@@@@@%:                       
0,0,0|                                                             -@@@@@@@@%*:                       
0,0,0|                                                             =@@@@@@@#:                         
0,0,0|                                                             %@@@@@@. :-+=                      
0,0,0|                                                             =@@@@@@*%@@@.                      
0,0,0|                                                               *@@@@@@@@+::=++++==.             
0,0,0|                                                               #@@@@@@%*%@@@@@@@@@#+.           
0,0,0|                                                      .      =%@@@@@@@@@@@@@@@@@@@@@%-          
0,0,0|                                                      +%@%#*@@@@@@@@@@@@@@@@@@@@@@@@@+          
0,0,0|                                                       -++%*=%@@@@@@@@@@@@@@@@@@@@@@@*:         
0,0,0|                                                           : .-:%@# :@@@#%@@@@@@@@@@#+.         
1,1,1|                                                                -%-  #@%  -*==#%+**-            
0,0,0|                                                                     .:.       :                
40,40,40|.                   .-..                                                                        
231,231,231|@*=:               :%@@#-                                                                       
255,255,255|@@@#-              #@@@@*:                                                                      
254,254,254|@@@%+:...          *@@@@*.                                                                      
255,255,255|@@@@@@@@@@%%%%%%#*=#@@@@*.                                                                      
255,255,255|@@@@@@@@@@@@@@@@@@@@@@@@+.                                                                      
255,255,255|@@@@@@@@@@@@@@@@@@@@@@@@+.                                                                      
255,255,255|@@@@@@@@@@@@@@@@@@@@@@@%+.                                                                      
255,255,255|@@@@@@@@@@@@@@@@@@@@@@@%+.                                                                      
255,255,255|@@@@@@@@@@@@@@@@@@@@@@@%+.                                                                      
255,255,255|@@@@@@@@@@@@@@@@@@@@@@@%+                                                                       
255,255,255|@@@@@@@@@@@@@@@@@@@@@@@%=                                                                       
255,255,255|