0,0,0|                                                                                                
0,0,0|                                                                                                
0,0,0|                                                                                                
0,0,0|                                                                                                
0,0,0|                                                                                                
0,0,0|                                                              ..                                
0,0,0|                                                     .=.  .+#@@@%*=:                            
0,0,0|                                                     -%%==%@@@@@-.--                            
0,0,0|                                                     +#@@@@@@@@@@##*+.                          
2,2,2|                                                      .-=+%@@@@@@@@@@%=.                        
8,8,8|                                                         *@@#@@@@%%%%@@*                        
0,0,0|                                                          :%@@@@@*  -=:.                        
0,0,0|                                                           *@@@@@@+*@@%:                        
0,0,0|                                                           .@@#@@@@@@@@*=-:::.                  
0,0,0|                                                          .%#.=@@@@@@@@#%@%*=..:-==++++=-       
0,0,0|                                      :+++=-:::...       =@*:*@@@@@@@@@@@@@@@@@@@@@@@@@@@*:.    
0,0,0|                                       =+*%@@@@@@@@@%###%@@%@@@@@@@@@@@@@@@@@@@@@@@@@@@@@@@@#   
0,0,0|                                           :   .::-=: ....*@@@@%%@@@@===*@@@@@@@@@@@@@@@@@@@@:  
0,0,0|                                                           ..     *@@-    :-=+**#%%@@@@@@%++=   
0,0,0|                                                                  -%*:             .:=**-       
0,0,0|                                                                                                
0,0,0|                                                                                                
0,0,0|                                                                                   ...          
13,13,13|                                                                                                
8,8,8|                                                                                                
0,0,0|                                                                                                
0,0,0|                                                                                                
0,0,0|                                                          ..                                    
0,0,0|                                                                                                
0,0,0|                                                                                                
0,0,0|                                                                                                
0,0,0|                                                                                                
0,0,0|                                                                                                
0,0,0|                                                                                                
0,0,0|                                                                                                
0,0,0|                                                                                                
255,255,255|