0,0,0|                                                                                                
0,0,0|                                                                                                
0,0,0|                                                                                                
0,0,0|                                                                                                
0,0,0|                                                                                                
0,0,0|                                                                                                
0,0,0|                                                   :-   .+*##*=.                                
1,1,1|                                                  .%@@==@@@@@*=+=                               
8,8,8|                                                  :*@@@@@@@@@#+==:                              
0,0,0|                                                    .:=#@@@@@@@@@#                              
0,0,0|                                                      -@@#@@@@@@@%*-                            
0,0,0|                                                       .*@@@@@%-*@@*                            
0,0,0|                                                        -@@@@@@=*@@-                            
0,0,0|                                                        :@#*@@@@@@@%=::..                       
0,0,0|                                                       :@* +@@@@@@@%%@%*+-:-=+****+=.           
0,0,0|                                    =####**++==-----::*@*-%@@@@@@@@@@@@@@@@@@@@@@@@@%=:         
0,0,0|                                     .::#%**#%@@%*****#%@@@@@@@@@@@@@@@@@@@@@@@@@@@@@@@*        
0,0,0|                                               .-:     .***+=+*@@@+==+#%@@@@@@@@@@@@@@@#.       
0,0,0|                                                               %@@-      .::-=+*%@@@*-:.        
0,0,0|                                                               ::.               .:.            
0,0,0|                                                                                                
0,0,0|                                                                      ..                        
0,0,0|                                                                                                
0,0,0|                                                                                             .. 
0,0,0|                                                                                                
9,9,9|                                                                                                
3,3,3|                                              ..                                                
4,4,4|                                                                                                
2,2,2|                                                                                                
0,0,0|                                                                                                
0,0,0|                                                                                                
0,0,0|                                                                                                
0,0,0|                                                                                                
0,0,0|                                                                                                
0,0,0|                                                                                                
0,0,0|                                                                                                
255,255,255|