0,0,0|                                                                                                
0,0,0|                                                                                                
0,0,0|                                                                                                
0,0,0|                                                               .-=++=-.                         
0,0,0|                                                             :*%@@@@@@@#:                       
0,0,0|                                                            =%@@@@@@@@@@@=                      
0,0,0|                                                           .#@@@@@@@@@@@@@:                     
0,0,0|                                                           .#@@@@@@@@@@@@%-                     
0,0,0|                                                            -@@@@@@@@@@@@+.                     
0,0,0|                                                             :*@@@@@@@@#=.                      
0,0,0|                                                               .-=+++-:                         
0,0,0|                     .....                                                                      
0,0,0|            .:-=++*##%%%%%%##*+=-:                                                              
0,0,0|        .:=+#%@@@@@@@@@@@@@@@@@@@@%#+-.                                                         
1,1,1|     .-+#%@@@@@@@@@@@@@@@@@@@@@@@@@@@@%*=.                                                      
0,0,0|   :=*%@@@@@@@@@@@@@@@@@@@@@@@@@@@@@@@@@@@*:                                                    
15,15,15| :=#@@@@@@@@@@@@@@@@@@@@@@@@@@@@@@@@@@@@@@@@#-                                                  
107,107,107|=*@@@@@@@@@@@@@@@@@@@@@@@@@@@@@@@@@@@@@@@@@@@@#.                                                
214,214,214|%@@@@@@@@@@@@@@@@@@@@@@@@@@@@@@@@@@@@@@@@@@@@@@@=                                              :
255,255,255|@@@@@@@@@@@@@@@@@@@@@@@@@@@@@@@@@@@@@@@@@@@@@@@@@#-                                          .=*
254,254,254|@@@@@@@@@@@@@@@@@@@@@@@@@@@@@@@@@@@@@@@@@@@@@@@@@@@#-                                      :=*%@
255,255,255|@@@@@@@@@@@@@@@@@@@@@@@@@@@@@@@@@@@@@@@@@@@@@@@@@@@@@%+:                                .-+#@@@@
255,255,255|@@@@@@@@@@@@@@@@@@@@@@@@@@@@@@@@@@@@@@@@@@@@@@@@@@@@@@@@%+-.                        .:-+#%@@@@@@
255,255,255|@@@@@@@@@@@@@@@@@@@@@@@@@@@@@@@@@@@@@@@@@@@@@@@@@@@@@@@@@@@@#*=-:.            ..:-=+#%@@@@@@@@@@
255,255,255|@@@@@@@@@@@@@@@@@@@@@@@@@#*+++*#@@@@@@@@@@@@@@@@@@@@@@@@@@@@@@@@@%%#***++++**##%%@@@@@@@@@@@@@@@
255,255,255|@@@@@@@@@@@@@@@@@@@@@@#=:        -*@@@@@@@@@@@@@@@@@@@@@@@@@@@@@@@@@@@@@@@@@@@@@@@@@@@@@@@@@@@@@
255,255,255|@@@@@@@@@@@@@@@@@@@@@+.            -@@@@@@@@@@@@@@@@@@@@@@@@@@@@@@@@@@@@@@@@@@@@@@@@@@@@@@@@@@@@
255,255,255|@@@@@@@@@@@@@@@@@@@@#.              -@@@@@@@@@@@@@@@@@@@@@@@@@@@@@@@@@@@@@@@@@@@@@@@@@@@@@@@@@@@
255,255,255|@@@@@@@@@@@@@@@@@@@@+               .%@@@@@@@@@@@@@@@@@@@@@@@@@@@@@@@@@@@@@@@@@@@@@@@@@@@@@@@@@@
255,255,255|@@@@@@@@@@@@@@@@@@@@#               -%@@@@@@@@@@@@@@@@@@@@@@@@@@@@@@@@@@@@@@@@@@@@@@@@@@@@@@@@@@
255,255,255|@@@@@@@@@@@@@@@@@@@@@*             :*@@@@@@@@@@@@@@@@@@@@@@@@@@@@@@@@@@@@@@@@@@@@@@@@@@@@@@@@@@@
255,255,255|@@@@@@@@@@@@@@@@@@@@@@#-         .=#@@@@@@@@@@@@@@@@@@@@@@@@@@@@@@@@@@@@@@@@@@@@@@@@@@@@@@@@@@@@
255,255,255|@@@@@@@@@@@@@@@@@@@@@@@@%*=----=*%@@@@@@@@@@@@@@@@@@@@@@@@@@@@@@@@@@@@@@@@@@@@@@@@@@@@@@@@@@@@@@
255,255,255|@@@@@@@@@@@@@@@@@@@@@@@@@@@@@@@@@@@@@@@@@@@@@@@@@@@@@@@@@@@@@@@@@@@@@@@@@@@@@@@@@@@@@@@@@@@@@@@@
255,255,255|@@@@@@@@@@@@@@@@@@@@@@@@@@@@@@@@@@@@@@@@@@@@@@@@@@@@@@@@@@@@@@@@@@@@@@@@@@@@@@@@@@@@@@@@@@@@@@@@
255,255,255|@@@@@@@@@@@@@@@@@@@@@@@@@@@@@@@@@@@@@@@@@@@@@@@@@@@@@@@@@@@@@@@@@@@@@@@@@@@@@@@@@@@@@@@@@@@@@@@@
255,255,255|