0,0,0|                                                                                                
0,0,0|                                                                                                
0,0,0|                                                                                                
0,0,0|                                                                                                
0,0,0|                                                                 .:==+=-.                       
0,0,0|                                                               :+%@@@@@@@%=                     
0,0,0|                                                              :#@@@@@@@@@@@*                    
0,0,0|                                                              *@@@@@@@@@@@@@-                   
0,0,0|                                                              *@@@@@@@@@@@@@=                   
0,0,0|                                                              :@@@@@@@@@@@@*.                   
0,0,0|            .:--=+++****++=--:.                                .*@@@@@@@@%=.                    
0,0,0|       .:=+*#%@@@@@@@@@@@@@@@@%#+=:                               -=+++=:.                      
0,0,0|    .-+#%@@@@@@@@@@@@@@@@@@@@@@@@@@%*-.                                                         
2,2,2| .-+#@@@@@@@@@@@@@@@@@@@@@@@@@@@@@@@@@%*:                                                       
93,93,93|-*%@@@@@@@@@@@@@@@@@@@@@@@@@@@@@@@@@@@@@@#=                                                     
219,219,219|%@@@@@@@@@@@@@@@@@@@@@@@@@@@@@@@@@@@@@@@@@@%-                                                   
255,255,255|@@@@@@@@@@@@@@@@@@@@@@@@@@@@@@@@@@@@@@@@@@@@@*.                                                 
253,253,253|@@@@@@@@@@@@@@@@@@@@@@@@@@@@@@@@@@@@@@@@@@@@@@@:                                                
255,255,255|@@@@@@@@@@@@@@@@@@@@@@@@@@@@@@@@@@@@@@@@@@@@@@@@-                                               
255,255,255|@@@@@@@@@@@@@@@@@@@@@@@@@@@@@@@@@@@@@@@@@@@@@@@@@+                                              
255,255,255|@@@@@@@@@@@@@@@@@@@@@@@@@@@@@@@@@@@@@@@@@@@@@@@@@@#:                                            
255,255,255|@@@@@@@@@@@@@@@@@@@@@@@@@@@@@@@@@@@@@@@@@@@@@@@@@@@@*.                                         :
255,255,255|@@@@@@@@@@@@@@@@@@@@@@@@@@@@@@@@@@@@@@@@@@@@@@@@@@@@@@*:                                    .-+%
255,255,255|@@@@@@@@@@@@@@@@@@@@@@%#++=++#@@@@@@@@@@@@@@@@@@@@@@@@@@%+:                              .:=*%@@
255,255,255|@@@@@@@@@@@@@@@@@@@@#-.        -#@@@@@@@@@@@@@@@@@@@@@@@@@@%*=:.                     .:-+#%@@@@@
255,255,255|@@@@@@@@@@@@@@@@@@@+.            =@@@@@@@@@@@@@@@@@@@@@@@@@@@@@%#+=-::....  ....:-=+*#%@@@@@@@@@
255,255,255|@@@@@@@@@@@@@@@@@@*.              =@@@@@@@@@@@@@@@@@@@@@@@@@@@@@@@@@@@%%%#####%%@@@@@@@@@@@@@@@@
255,255,255|@@@@@@@@@@@@@@@@@@=               :@@@@@@@@@@@@@@@@@@@@@@@@@@@@@@@@@@@@@@@@@@@@@@@@@@@@@@@@@@@@@
255,255,255|@@@@@@@@@@@@@@@@@@*               -@@@@@@@@@@@@@@@@@@@@@@@@@@@@@@@@@@@@@@@@@@@@@@@@@@@@@@@@@@@@@
255,255,255|@@@@@@@@@@@@@@@@@@@+             :#@@@@@@@@@@@@@@@@@@@@@@@@@@@@@@@@@@@@@@@@@@@@@@@@@@@@@@@@@@@@@
255,255,255|@@@@@@@@@@@@@@@@@@@@#:         .=%@@@@@@@@@@@@@@@@@@@@@@@@@@@@@@@@@@@@@@@@@@@@@@@@@@@@@@@@@@@@@@
255,255,255|@@@@@@@@@@@@@@@@@@@@@@%*=----+#%@@@@@@@@@@@@@@@@@@@@@@@@@@@@@@@@@@@@@@@@@@@@@@@@@@@@@@@@@@@@@@@@
255,255,255|@@@@@@@@@@@@@@@@@@@@@@@@@@@@@@@@@@@@@@@@@@@@@@@@@@@@@@@@@@@@@@@@@@@@@@@@@@@@@@@@@@@@@@@@@@@@@@@@
255,255,255|@@@@@@@@@@@@@@@@@@@@@@@@@@@@@@@@@@@@@@@@@@@@@@@@@@@@@@@@@@@@@@@@@@@@@@@@@@@@@@@@@@@@@@@@@@@@@@@@
255,255,255|@@@@@@@@@@@@@@@@@@@@@@@@@@@@@@@@@@@@@@@@@@@@@@@@@@@@@@@@@@@@@@@@@@@@@@@@@@@@@@@@@@@@@@@@@@@@@@@@
255,255,255|@@@@@@@@@@@@@@@@@@@@@@@@@@@@@@@@@@@@@@@@@@@@@@@@@@@@@@@@@@@@@@@@@@@@@@@@@@@@@@@@@@@@@@@@@@@@@@@@
255,255,255|