0,0,0|                                                                                                
0,0,0|                                                                                                
0,0,0|                                                                                                
0,0,0|                                                                                                
0,0,0|                                                                                                
3,3,3|                                                                                                
4,4,4|                                                                                                
1,1,1|                                                                .+##*=.                         
0,0,0|                                                     .     : =.=@@@@@+=                         
0,0,0|                                                          .+*@@@@@@@@:                          
0,0,0|                                                          ***#@@@@@@@@@%#+.                     
0,0,0|                                                              -@@@@@@@@@@#.                     
0,0,0|                                                              +@@@@@@@@@@%=                     
2,2,2|                                                              +@@@@@@*:::..:.                   
16,16,16|                                                              :@@@@@@%..=#@@:                   
2,2,2|                                                              .=+@@@@@@@@@@%.                   
0,0,0|                                                                 *@@@@@@%##+=.:+*%%%%%@%*-.     
4,4,4|                                                                -@@@@@@@@@%%@@@@@@@@@@@@@@#=.   
6,6,6|                                                    --::.......+@@@@@@@@@@@@@@@@@@@@@@@@@@@@#-  
0,0,0|                                                    +%@@@@@%%%@@@@@@@@@@@@@@@@@@@@@@@@@@@@@@@*. 
0,0,0|                                                      -.:-*=  +@@%@@@@%@@@%@@@@@@@@@@@@@@@@@%=:.
0,0,0|                                                               ..  #@* *@@-:=+*#%@@@@@@@@@@%*.  
0,0,0|                                                                   :%: -@@-      :*+=#@***-     
1,1,1|                                                                        ..            :         
0,0,0|  *%*=-                                                                                         
10,10,10| #@@@@#=                                                                                        
25,25,25| @@@@@%+.                                                                                       
34,34,34|.%@@@@#=                                                                                        
185,185,185|#@@@@@#=                                                                                        
255,255,255|@@@@@@#=                                                                                        
254,254,254|@@@@@@#-                                                                                        
255,255,255|@@@@@@#-                                                                                        
255,255,255|@@@@@@*-                                                                                        
255,255,255|@@@@@@*-                                                                                        
255,255,255|@@@@@%*:                                                                                        
255,255,255|@@@@@%*:                                                                                        
255,255,255|