255,255,255|@@@@@@@@@@@@@@@@@@@@@@@@@@@@@@@@+                                                               
255,255,255|@@@@@@@@@@@@@@@@@@@@@@@@@@@@@@@@+                                                               
255,255,255|@@@@@@@@@@@@@@@@@@@@@@@@@@@@@@@@+                                                               
255,255,255|@@@@@@@@@@@@@@@@@@@@@@@@@@@@@@@@+                                                               
255,255,255|@@@@@@@@@@@@@@@@@@@@@@@@@@@@@@@@+                                                               
255,255,255|@@@@@@@@@@@@@@@@@@@@@@@@@@@@@@@@+                                                               
255,255,255|@@@@@@@@@@@@@@@@@@@@@@@@@@@@@@@@+                                                               
255,255,255|@@@@@@@@@@@@@@@@@@@@@@@@@@@@@@@@+                                                               
255,255,255|@@@@@@@@@@@@@@@@@@@@@@@@@@@@@@@@+                                                               
255,255,255|@@@@@@@@@@@@@@@@@@@@@@@@@@@@@@@@+                                                               
255,255,255|@@@@@@@@@@@@@@@@@@@@@@@@@@@@@@@@+                                                               
252,252,252|@@@@@@@@@@@@@@@@@@@@@@@@@@@@@@@@+                                                               
255,255,255|@@@@@@@@@@@@@@@@@@@@@@@@@@@@@@@@+                                                               
174,174,174|*+=++*%@@@@@@@@@@@@@@@@@@@@@@@@@+                                                               
0,0,0|       :+%@@@@@@@@@@@@@@@@@@@@@@+                          .-+****=:                            
2,2,2|         :#@@@@@@@@@@@@@@@@@@@@@+                        :#@@@@@@@@@%=                          
0,0,0|          :#@@@@@@@@@@@@@@@@@@@@+                       -@@@@@@@@@@@@@%*: ....:-=++.            
0,0,0|          .*@@@@@@@@@@@@@@@@@@@@+             ..:--:-::-@@@@@@@@@@@@@@@@@%%@@@@@@@@@#=          
0,0,0|          .*@@@@@@@@@@@@@@@@@@@@+            :++##******%@@@@@@@@@@@@@@@@@@@@@@@@@@@@#          
3,3,3|          +@@@@@@@@@@@@@@@@@@@@@+                        %@@@@@@@@@@@@@@#::=+*###%%=.           
0,0,0|        :*@@@@@@@@@@@@@@@@@@@@@@+                         =%@@@@@@@%**+-                        
72,72,72|:....-=#@@@@@@@@@@@@@@@@@@@@@@@@+                           :-++=-:                             
255,255,255|@@@@@@@@@@@@@@@@@@@@@@@@@@@@@@@@+                                                               
253,253,253|@@@@@@@@@@@@@@@@@@@@@@@@@@@@@@@@+                                                               
255,255,255|@@@@@@@@@@@@@@@@@@@@@@@@@@@@@@@@+                                                               
255,255,255|@@@@@@@@@@@@@@@@@@@@@@@@@@@@@@@@+                                                               
255,255,255|@@@@@@@@@@@@@@@@@@@@@@@@@@@@@@@@+                                                               
255,255,255|@@@@@@@@@@@@@@@@@@@@@@@@@@@@@@@@+                                                               
255,255,255|@@@@@@@@@@@@@@@@@@@@@@@@@@@@@@@@+                                                               
255,255,255|@@@@@@@@@@@@@@@@@@@@@@@@@@@@@@@@+                                                               
255,255,255|@@@@@@@@@@@@@@@@@@@@@@@@@@@@@@@@+                                                               
255,255,255|@@@@@@@@@@@@@@@@@@@@@@@@@@@@@@@@+                                                               
255,255,255|@@@@@@@@@@@@@@@@@@@@@@@@@@@@@@@@+                                                               
255,255,255|@@@@@@@@@@@@@@@@@@@@@@@@@@@@@@@@+                                                               
255,255,255|@@@@@@@@@@@@@@@@@@@@@@@@@@@@@@@@+                                                               
255,255,255|@@@@@@@@@@@@@@@@@@@@@@@@@@@@@@@@+                                                               
255,255,255|