0,0,0|                                                                                                
0,0,0|                                                                                                
0,0,0|                                                                                                
0,0,0|                                                                                                
0,0,0|                                                                                                
0,0,0|                                                                                                
0,0,0|                                                                                                
0,0,0|                                                                                                
0,0,0|                                                          =#%=                                  
0,0,0|                                                         +@@@@                                  
0,0,0|                                                     .=#@@@@@@#+==.                             
0,0,0|                                                     -*+*@@@@@@@@*.                             
0,0,0|                                                         %@@@@@@*                               
0,0,0|                                                        =@@@@@%. .:                             
0,0,0|                                                        :@@@@@%+%@+                             
0,0,0|                                                         :@@@@@@@@===-:                         
0,0,0|                                                          @@@@@@@@@@@@@#:                       
0,0,0|                                                       .+%@@@@@@@@@@@@@@@+.                     
0,0,0|                                                     -#@@@@@@@@@@@@@@@@@@-                      
0,0,0|           -:                                        .*%@@@@@*@@@@@@@@@@@+.                     
0,0,0|           #+                                           -:@@- .@@@%@@%%#-:.                     
0,0,0|         -%@%*.                                           -=   +%- :+ .                         
0,0,0|         =@@@@                                                                                  
0,0,0|      -+*%@@@@#+-                           .                                                   
0,0,0|     =@@@@@@@@@@@+    +*                  .#@-                                                  
0,0,0|     +@@@@@@@@@@@*   *@@*                 %@@@-                                                 
3,3,3|     =@@@@@@@@@@@=  =@@@@=               .@@@@=                                                 
0,0,0|     +@@@@@@@@@@@=  +@@@@*::::.....       %@@@=                                                 
165,165,165|*****%@@@@@@@@@@@%##%@@@@@@@@@@@@@@@%%%+. #@@@=                                                 
255,255,255|@@@@@@@@@@@@@@@@@@@@@@@@@@@@@@@@@@@@@@@@@*%@@@-                                                 
251,251,251|@@@@@@@@@@@@@@@@@@@@@@@@@@@@@@@@@@@@@@@@@@@@@@-                                                 
255,255,255|@@@@@@@@@@@@@@@@@@@@@@@@@@@@@@@@@@@@@@@@@@@@@@-                                                 
255,255,255|@@@@@@@@@@@@@@@@@@@@@@@@@@@@@@@@@@@@@@@@@@@@@@-                                                 
255,255,255|@@@@@@@@@@@@@@@@@@@@@@@@@@@@@@@@@@@@@@@@@@@@@@-                                                 
255,255,255|@@@@@@@@@@@@@@@@@@@@@@@@@@@@@@@@@@@@@@@@@@@@@@-                                                 
255,255,255|@@@@@@@@@@@@@@@@@@@@@@@@@@@@@@@@@@@@@@@@@@@@@@-                                                 
255,255,255|