0,0,0|                                                                                                
0,0,0|                                                                                                
0,0,0|                                                                                                
0,0,0|                                                                                                
0,0,0|                                                                                                
3,3,3|                                                                 .:-:.                          
9,9,9|                                                               -%@@@@#*+=.                      
15,15,15|                                                         ==.:=#@@@@@@. .                        
0,0,0|                                                         *@@@@@@@@@@@%#*==+*+=.                 
0,0,0|                                                          .-++#@@@@@@@@@@@@@%+.                 
0,0,0|                                                             =@@%@@@@@@@@%#=                    
0,0,0|                                                             :+%%@@@@@@%%*:                     
0,0,0|                                                               +@@@@@@%=@*-++                   
0,0,0|                                                               =*%@@@@@@@@@@@:....:             
0,0,0|                                                                =@*%@@@@@@%@%*####*:    ..:::::.
8,8,8|                                                               *@==@@@@@@@@@#+**#++**%%@@@@@@@@%
2,2,2|                                           -**+==--:::.......-%@*#@@@@@@@@@@@@@@@@@@@@@@@@@@@@@@
0,0,0|                                           .=+*@@@@@@@@@%%%%%@@@@@@@@@@@@@@@@@@@@@@@@@@@@@@@@@@@
0,0,0|                                               ..  .-=++-     =@@@@%%@%@@@*--+#@@@@@@@@@@@@@@@@@
0,0,0|                                                               ..      *@@*    .:=++*##%@@@@@@@@
0,0,0|                                                                        #@=              ..-+*#*
0,0,0|                                                                                                
0,0,0|                                                                                                
0,0,0|                                                                                                
0,0,0|                                                                                                
0,0,0|                                                                                                
0,0,0|                                                                                                
0,0,0|                                                                                                
0,0,0|                                                                                                
0,0,0|                                                                                                
0,0,0|                                                                                                
0,0,0|                                                                                                
0,0,0|                                                                                                
0,0,0|                                                                                                
0,0,0|                                                                                                
0,0,0|                                                                                                
255,255,255|