0,0,0|                                                                                                
0,0,0|                                                                                                
0,0,0|                                                                                                
0,0,0|                                                                                                
0,0,0|                                                                .+##*:                          
0,0,0|                                                               -@@@@@#                          
0,0,0|                                                              :@@@@@@%                          
0,0,0|                                                          .--*@@@@@@@@#-:..                     
0,0,0|                                                        =*@@@@@@@@@@@@@@@@@@%:                  
0,0,0|                                                        =##*+#@@@@@@@@@@@@@*:                   
0,0,0|                                                              %@@@@@@@@@@@%=                    
0,0,0|                                                            :=%@@@@@@@@@#=.                     
0,0,0|                                                          .*@@@@@@@@@@@+     .                  
0,0,0|                                                        .#@@@@@@@@@@@@@- -+#@%                  
0,0,0|                                                        .+- =@-@@@@@@@@#@@@@@*:::--:::::.       
0,0,0|                                                            .- =@@@@@@@@@@@@@@@@@@@@@@@+.       
0,0,0|                                                                @@@@@@@@@@@@@@@@@@@@@@@@@#.     
0,0,0|                                                               =@@@@@@@@@@@@@@@@@@@@@@@@@@@*-   
0,0,0|                                                            .+#@@@@@@@@@@@@@@@@@@@@@@@@@@@@#*-  
0,0,0|                                                           =%%@@@@@@@@@@@@@@@@@@@@@@@@@@@@@%-.. 
0,0,0|                                                         +*@%*@@@@@@@@@@@@@@@@@@@@@@@@@@@@@%*   
0,0,0|                                                         +@@@@@@@@@@@@@@@@@@@@@@@@@@@@@@@@@@+:  
0,0,0|                                                          +:+%#@@@@@+:+@@@@@@@@@@@@@@@@@@@@***-.
0,0,0|                                                             . :@@@%   =@@@@@#@@@@@@@@@%%%*-::  
2,2,2|                                                                %@@-   .@@@@#  -+#@@.-#*-=.     
0,0,0|                                                                .*+     =%@#:     *#.  :.       
120,120,120|==                                                                                ..            
255,255,255|@#                                                                                              
249,249,249|@#-:                                                                                            
255,255,255|@@@@:                                                                                           
255,255,255|@@@#                                                                                            
255,255,255|@@@%:.                                                                                          
255,255,255|@@@@@@%%-                                                                                       
255,255,255|@@@@@@@@@:                                    -                                                 
255,255,255|@@@@@@@@@=                                   *@#.                                               
255,255,255|@@@@@@@@@.                                 .%@@@@-                                              
255,255,255|