0,0,0|                                                                                                
0,0,0|                                                                                                
0,0,0|                                                                                                
0,0,0|                                                                                                
0,0,0|                                                                                                
0,0,0|                                               .                                                
0,0,0|                                             :*@@%*=+.                                          
0,0,0|                                           -%@@@@@@#.                                           
0,0,0|                                         :%@@@@@@@@@#                                           
0,0,0|                                        =@@@@@@@@@#*=                                           
0,0,0|                                    +##@@@@@@@%#+.                                              
0,0,0|                                    #@@@@@@@*:                                                  
0,0,0|                                    =@@@@@@=                                                    
5,5,5|                                     -#%#%*                                                     
23,23,23|                                                                                                
58,58,58|:...                                                                                            
104,104,104|=--::...                                                                                        
156,156,156|*+==--::...                                                                                     
201,201,201|##**++==--::..                                                                                  
230,230,230|@%%%##**+==--::...                                                                              
243,243,243|@@@@%%%##**++==--::..                                                                           
251,251,251|@@@@@@@@%%%##**+==--::...                                                                       
254,254,254|@@@@@@@@@@@%%%##**++==-::...                                                                    
255,255,255|@@@@@@@@@@@@@@@%%%##**+==--::...                                                                
255,255,255|@@@@@@@@@@@@@@@@@@%%%##**++==-::...                                                             
255,255,255|@@@@@@@@@@@@@@@@@@@@@%%%%##*++==--::...                                                         
255,255,255|@@@@@@@@@@@@@@@@@@@@@@@@@%%%##**++==-::...                                                      
255,255,255|@@@@@@@@@@@@@@@@@@@@@@@@@@@@%%%###*++==--::...                                                  
255,255,255|@@@@@@@@@@@@@@@@@@@@@@@@@@@@@@@@%%%##**++=--::...                                               
255,255,255|@@@@@@@@@@@@@@@@@@@@@@@@@@@@@@@@@@@%%%##**++==--::...                                           
255,255,255|@@@@@@@@@@@@@@@@@@@@@@@@@@@@@@@@@@@@@@@%%%##**++=--::...                                        
255,255,255|@@@@@@@@@@@@@@@@@@@@@@@@@@@@@@@@@@@@@@@@@@%%%##**++==-:::..                                     
255,255,255|@@@@@@@@@@@@@@@@@@@@@@@@@@@@@@@@@@@@@@@@@@@@@@%%%##**+==--::...                                 
255,255,255|@@@@@@@@@@@@@@@@@@@@@@@@@@@@@@@@@@@@@@@@@@@@@@@@@%%%##**++==--::..                              
255,255,255|@@@@@@@@@@@@@@@@@@@@@@@@@@@@@@@@@@@@@@@@@@@@@@@@@@@@@%%%##**+==--::...                          
255,255,255|@@@@@@@@@@@@@@@@@@@@@@@@@@@@@@@@@@@@@@@@@@@@@@@@@@@@@@@@%%%##**++=--:::..                       
255,255,255|