0,0,0|                                                                                                
0,0,0|                                                                                                
0,0,0|                                                                                                
0,0,0|                                                                                                
0,0,0|                                                                                                
0,0,0|                                                                                                
0,0,0|                                                                                                
0,0,0|                                                            :**=                                
0,0,0|                                                           =@@@@                                
0,0,0|                                                        -*%@@@@@*:...                           
0,0,0|                                                       -+=#@@@@@@@@%-                           
0,0,0|                                                           %@@@@@@%-                            
0,0,0|                                                          :@@@@@@=  .                           
0,0,0|                                                          -@@@@@@-*%#                           
0,0,0|                                                           =@@@@@@@@+-==-:                      
0,0,0|                                                            #@@@@@@@@@@@@@*:                    
0,0,0|                                                          -#@@@@@@@@@@@@@@@@=.                  
0,0,0|                                                       --*%@@@@@@@@@@@@@@@@@=                   
0,0,0|                                                       *@@@@@@@%@@@@@@@@@@@%+.                  
0,0,0|                                                         ..-%@# .%@@#%@@%%*-:.                  
0,0,0|         .:                                                 :#.  =@#  :+ .                      
0,0,0|         =#                                                       .                             
0,0,0|        #@@#.                                                                                   
0,0,0|       :%@@@.                                                                                   
0,0,0|    .#%@@@@@@#+                       =                                                         
0,0,0|    +@@@@@@@@@@- +%:                .%@%.                                                       
4,4,4|    =@@@@@@@@@@:+@@@:               +@@@+                                                       
0,0,0|    +@@@@@@@@@@.%@@@+               =@@@=                                                       
130,130,130|++++%@@@@@@@@@@*%@@@@%%%%%%%#####*- =@@@=                                                       
255,255,255|@@@@@@@@@@@@@@@@@@@@@@@@@@@@@@@@@@@##@@@=                                                       
251,251,251|@@@@@@@@@@@@@@@@@@@@@@@@@@@@@@@@@@@@@@@@-                                                       
255,255,255|@@@@@@@@@@@@@@@@@@@@@@@@@@@@@@@@@@@@@@@@-                                                       
255,255,255|@@@@@@@@@@@@@@@@@@@@@@@@@@@@@@@@@@@@@@@@-                                                       
255,255,255|@@@@@@@@@@@@@@@@@@@@@@@@@@@@@@@@@@@@@@@@-                                                       
255,255,255|@@@@@@@@@@@@@@@@@@@@@@@@@@@@@@@@@@@@@@@@-                                                       
255,255,255|@@@@@@@@@@@@@@@@@@@@@@@@@@@@@@@@@@@@@@@@:                                                       
255,255,255|