0,0,0|                                                                                                
0,0,0|                                                                                                
0,0,0|                                                                                                
0,0,0|                                                                                                
0,0,0|                                                                                                
0,0,0|                                                                   .:====-.                     
0,0,0|                                                                 :+%@@@@@@@#-                   
0,0,0|                                                                -%@@@@@@@@@@@+                  
0,0,0|            ..::--------::.                                     #@@@@@@@@@@@@@:                 
1,1,1|       .:=+*#%%@@@@@@@@@@@%%*+=:.                               %@@@@@@@@@@@@@-                 
0,0,0|   .:=*%@@@@@@@@@@@@@@@@@@@@@@@@%*=:                            -@@@@@@@@@@@@*.                 
27,27,27|.:=#%@@@@@@@@@@@@@@@@@@@@@@@@@@@@@@@#+.                          :#@@@@@@@@%=.                  
163,163,163|*%@@@@@@@@@@@@@@@@@@@@@@@@@@@@@@@@@@@@@*-                          .-+**+=:.                    
253,253,253|@@@@@@@@@@@@@@@@@@@@@@@@@@@@@@@@@@@@@@@@@#:                                                     
255,255,255|@@@@@@@@@@@@@@@@@@@@@@@@@@@@@@@@@@@@@@@@@@@*.                                                   
255,255,255|@@@@@@@@@@@@@@@@@@@@@@@@@@@@@@@@@@@@@@@@@@@@%:                                                  
255,255,255|@@@@@@@@@@@@@@@@@@@@@@@@@@@@@@@@@@@@@@@@@@@@@@-                                                 
255,255,255|@@@@@@@@@@@@@@@@@@@@@@@@@@@@@@@@@@@@@@@@@@@@@@@-                                                
255,255,255|@@@@@@@@@@@@@@@@@@@@@@@@@@@@@@@@@@@@@@@@@@@@@@@@.                                               
255,255,255|@@@@@@@@@@@@@@@@@@@@@@@@@@@@@@@@@@@@@@@@@@@@@@@@@.                                              
255,255,255|@@@@@@@@@@@@@@@@@@@@@@@@@@@@@@@@@@@@@@@@@@@@@@@@@%:                                             
255,255,255|@@@@@@@@@@@@@@@@@@@@@@@@@@@@@@@@@@@@@@@@@@@@@@@@@@@=                                            
255,255,255|@@@@@@@@@@@@@@@@@@@@%#+===+*%@@@@@@@@@@@@@@@@@@@@@@@#:                                          
255,255,255|@@@@@@@@@@@@@@@@@@#=.        :+@@@@@@@@@@@@@@@@@@@@@@@*:                                        
255,255,255|@@@@@@@@@@@@@@@@@*.            :%@@@@@@@@@@@@@@@@@@@@@@@#=.                                  .-+
255,255,255|@@@@@@@@@@@@@@@@#.              :@@@@@@@@@@@@@@@@@@@@@@@@@%*=.                            .-+#@@
255,255,255|@@@@@@@@@@@@@@@@*                %@@@@@@@@@@@@@@@@@@@@@@@@@@@@#+-:.                  .:-=*%@@@@@
255,255,255|@@@@@@@@@@@@@@@@%               :%@@@@@@@@@@@@@@@@@@@@@@@@@@@@@@@@%#*+=--::::::--==+##%@@@@@@@@@
255,255,255|@@@@@@@@@@@@@@@@@*             .*@@@@@@@@@@@@@@@@@@@@@@@@@@@@@@@@@@@@@@@@@@@@@@@@@@@@@@@@@@@@@@@
255,255,255|@@@@@@@@@@@@@@@@@@%-         .=%@@@@@@@@@@@@@@@@@@@@@@@@@@@@@@@@@@@@@@@@@@@@@@@@@@@@@@@@@@@@@@@@
255,255,255|@@@@@@@@@@@@@@@@@@@@@#+---=+*%@@@@@@@@@@@@@@@@@@@@@@@@@@@@@@@@@@@@@@@@@@@@@@@@@@@@@@@@@@@@@@@@@@
255,255,255|@@@@@@@@@@@@@@@@@@@@@@@@@@@@@@@@@@@@@@@@@@@@@@@@@@@@@@@@@@@@@@@@@@@@@@@@@@@@@@@@@@@@@@@@@@@@@@@@
255,255,255|@@@@@@@@@@@@@@@@@@@@@@@@@@@@@@@@@@@@@@@@@@@@@@@@@@@@@@@@@@@@@@@@@@@@@@@@@@@@@@@@@@@@@@@@@@@@@@@@
255,255,255|@@@@@@@@@@@@@@@@@@@@@@@@@@@@@@@@@@@@@@@@@@@@@@@@@@@@@@@@@@@@@@@@@@@@@@@@@@@@@@@@@@@@@@@@@@@@@@@@
255,255,255|@@@@@@@@@@@@@@@@@@@@@@@@@@@@@@@@@@@@@@@@@@@@@@@@@@@@@@@@@@@@@@@@@@@@@@@@@@@@@@@@@@@@@@@@@@@@@@@@
255,255,255|@@@@@@@@@@@@@@@@@@@@@@@@@@@@@@@@@@@@@@@@@@@@@@@@@@@@@@@@@@@@@@@@@@@@@@@@@@@@@@@@@@@@@@@@@@@@@@@@
255,255,255|