0,0,0|                                                                                                
0,0,0|                                                                                                
0,0,0|                                                                                                
0,0,0|                                                                                                
0,0,0|                                                                                                
0,0,0|                                                                                                
0,0,0|                                                                   ..                           
0,0,0|                                                                .*%@@%*:                        
0,0,0|                                               ..          -:+:-@@@@@*--                        
0,0,0|                                                          :+#@@@@@@@@%:..                       
0,0,0|                                                          -+==#@@@@@@@@@@#=                     
0,0,0|                                                               *@@@@@@@@@%-                     
0,0,0|                                                              =@@@@@@@@@@@%:                    
0,0,0|                                                               %@@@@@@-:-=.==.                  
0,0,0|                                                               #@@@@@@#.=#@@@.                  
0,0,0|                                                               ::=@@@@@@@@@@#-.     .......     
0,0,0|                                                                 :@@@@@@@%#**+::=*%@@@@@@@%+:   
0,0,0|                                                                :@@@@@@@@@@%%@@@@@@@@@@@@@@@@*- 
0,0,0|                                                   =++==-::::::+@@@@@@@@@@@@@@@@@@@@@@@@@@@@@@@*
0,0,0|                                                   :+@@@@@@##%%@@@@@@@@@@@@@@@@@@@@@@@@@@@@@@@@%
0,0,0|                                                     .. .-+-  .%@%#%@@@#@@#*@@@@@@@@@@@@@@@@@@@*
0,0,0|                                                           .        *@* %@@. :=++*#@@@@@@@@@@#*:
1,1,1|                                                                    .*: +@%.       .-+=+%*+*-   
0,0,0|                                                                                        .       
49,49,49|.                                                                                               
129,129,129|+:                                                                                              
125,125,125|=:                                                                                              
118,118,118|=.                                                                                              
112,112,112|=.                                                                                              
104,104,104|=.                                                                                              
98,98,98|-                                                                                               
91,91,91|-                                                                                               
88,88,88|-                                                                                               
85,85,85|-                                                                                               
79,79,79|-                                                                                               
70,70,70|:                                                                                               
255,255,255|