16,16,16|                                                                                                
40,40,40|..                                                                                              
81,81,81|-::...                                                                                          
132,132,132|+==--::..                                                                                       
180,180,180|#**+==--::...                                 .:. .=-                                           
216,216,216|%%##**++==-:::..                             =@@@%%-                                            
242,242,242|@@@%%###**+==--::...                       .#@@@@@@#=                                           
255,255,255|@@@@@@%%%##**++==-::...                   -@@@@@@@@@@.                                          
255,255,255|@@@@@@@@@@%%###*++==--::...              .@@@@@@@@*:                                            
255,255,255|@@@@@@@@@@@@@%%%##**++=--::...          :%@@@@@@#-                                              
255,255,255|@@@@@@@@@@@@@@@@@%%###*++==--::...   :+#@@@@@@+.                                                
255,255,255|@@@@@@@@@@@@@@@@@@@@%%%##**++=--::.. =@@@@@@@+                                                  
255,255,255|@@@@@@@@@@@@@@@@@@@@@@@%%%##**++==--::=%@@@@@                                                   
255,255,255|@@@@@@@@@@@@@@@@@@@@@@@@@@@%%%##**++=---=+++=                                                   
255,255,255|@@@@@@@@@@@@@@@@@@@@@@@@@@@@@@@%%##**++=--:....                                                 
255,255,255|@@@@@@@@@@@@@@@@@@@@@@@@@@@@@@@@@@%%%##**++=--::...                                             
255,255,255|@@@@@@@@@@@@@@@@@@@@@@@@@@@@@@@@@@@@@%%%##**++==-:::..                                          
255,255,255|@@@@@@@@@@@@@@@@@@@@@@@@@@@@@@@@@@@@@@@@@%%%##**+==--::...                                      
255,255,255|@@@@@@@@@@@@@@@@@@@@@@@@@@@@@@@@@@@@@@@@@@@@%%%##**++==-:::..                                   
255,255,255|@@@@@@@@@@@@@@@@@@@@@@@@@@@@@@@@@@@@@@@@@@@@@@@@%%%##**+==--::...                               
255,255,255|@@@@@@@@@@@@@@@@@@@@@@@@@@@@@@@@@@@@@@@@@@@@@@@@@@@%%%##**++=--::...                            
255,255,255|@@@@@@@@@@@@@@@@@@@@@@@@@@@@@@@@@@@@@@@@@@@@@@@@@@@@@@@%%###**+==--::...                        
255,255,255|@@@@@@@@@@@@@@@@@@@@@@@@@@@@@@@@@@@@@@@@@@@@@@@@@@@@@@@@@@%%%##**++==-::...                     
255,255,255|@@@@@@@@@@@@@@@@@@@@@@@@@@@@@@@@@@@@@@@@@@@@@@@@@@@@@@@@@@@@@%%%###*++==--::..                  
255,255,255|@@@@@@@@@@@@@@@@@@@@@@@@@@@@@@@@@@@@@@@@@@@@@@@@@@@@@@@@@@@@@@@@@%%%##**++=--::...              
255,255,255|@@@@@@@@@@@@@@@@@@@@@@@@@@@@@@@@@@@@@@@@@@@@@@@@@@@@@@@@@@@@@@@@@@@@%%%##**++==--::...          
255,255,255|@@@@@@@@@@@@@@@@@@@@@@@@@@@@@@@@@@@@@@@@@@@@@@@@@@@@@@@@@@@@@@@@@@@@@@@@%%%##**++=--::...       
255,255,255|@@@@@@@@@@@@@@@@@@@@@@@@@@@@@@@@@@@@@@@@@@@@@@@@@@@@@@@@@@@@@@@@@@@@@@@@@@@%%%##**++==--::..    
255,255,255|@@@@@@@@@@@@@@@@@@@@@@@@@@@@@@@@@@@@@@@@@@@@@@@@@@@@@@@@@@@@@@@@@@@@@@@@@@@@@@@%%%##**++=--::...
255,255,255|@@@@@@@@@@@@@@@@@@@@@@@@@@@@@@@@@@@@@@@@@@@@@@@@@@@@@@@@@@@@@@@@@@@@@@@@@@@@@@@@@@%%%##**++==--:
255,255,255|@@@@@@@@@@@@@@@@@@@@@@@@@@@@@@@@@@@@@@@@@@@@@@@@@@@@@@@@@@@@@@@@@@@@@@@@@@@@@@@@@@@@@@%%%##**+==
255,255,255|@@@@@@@@@@@@@@@@@@@@@@@@@@@@@@@@@@@@@@@@@@@@@@@@@@@@@@@@@@@@@@@@@@@@@@@@@@@@@@@@@@@@@@@@@%%%##**
255,255,255|@@@@@@@@@@@@@@@@@@@@@@@@@@@@@@@@@@@@@@@@@@@@@@@@@@@@@@@@@@@@@@@@@@@@@@@@@@@@@@@@@@@@@@@@@@@@@%%%
255,255,255|@@@@@@@@@@@@@@@@@@@@@@@@@@@@@@@@@@@@@@@@@@@@@@@@@@@@@@@@@@@@@@@@@@@@@@@@@@@@@@@@@@@@@@@@@@@@@@@@
255,255,255|@@@@@@@@@@@@@@@@@@@@@@@@@@@@@@@@@@@@@@@@@@@@@@@@@@@@@@@@@@@@@@@@@@@@@@@@@@@@@@@@@@@@@@@@@@@@@@@@
255,255,255|@@@@@@@@@@@@@@@@@@@@@@@@@@@@@@@@@@@@@@@@@@@@@@@@@@@@@@@@@@@@@@@@@@@@@@@@@@@@@@@@@@@@@@@@@@@@@@@@
255,255,255|