0,0,0|                                                                                                
0,0,0|                                                                                                
0,0,0|                                                                                                
0,0,0|                                                                                                
0,0,0|                                                                                                
0,0,0|                                                                                                
0,0,0|                                                                                                
0,0,0|                                                                                                
0,0,0|                                                               :-:             .                
0,0,0|                                                             .#@@@+                             
0,0,0|                                                          .-+%@@@@*                             
0,0,0|                                                         =*%@@@@@@@%#*=.                        
0,0,0|                                                         .. :@@@@@@@@@*.                        
0,0,0|                                                             %@@@@@@#:                          
0,0,0|                                                            =@@@@@@+. .-                        
0,0,0|                                                            .@@@@@@+*@@%                        
0,0,0|                                                             .*@@@@@@@%:-----:.                 
0,0,0|                                                              +@@@@@@@@@@@@@@@#-                
0,0,0|                                                           .=#@@@@@@@@@@@@@@@@@@#:              
0,0,0|                                                       .#%#@@@@@@@@@@@@@@@@@@@@@%:              
0,0,0|                                                        :**@@@@@@@%@@@@@@@@@@@@@@-              
0,0,0|   .*-:                                                    -::=@@- =@@@@@@@@@@@%+=.             
5,5,5|  -#@#*:                                                       **   %@*+:-+@=++:                
0,0,0|  *@@@@+.                                                            .     :                    
162,162,162|*#@@@@@%*-.                    .                                                                
255,255,255|@@@@@@@@@@#*-:               :%@#+.                                                             
251,251,251|@@@@@@@@@@@@@%-              #@@@%=                                                             
255,255,255|@@@@@@@@@@@@@@*.             #@@@%=                                                             
255,255,255|@@@@@@@@@@@@@@@%%%%######**+:#@@@%=                                                             
255,255,255|@@@@@@@@@@@@@@@@@@@@@@@@@@@@@@@@@%-                                                             
255,255,255|@@@@@@@@@@@@@@@@@@@@@@@@@@@@@@@@@%-                                                             
255,255,255|@@@@@@@@@@@@@@@@@@@@@@@@@@@@@@@@@%-                                                             
255,255,255|@@@@@@@@@@@@@@@@@@@@@@@@@@@@@@@@@%-                                                             
255,255,255|@@@@@@@@@@@@@@@@@@@@@@@@@@@@@@@@@%-                                                             
255,255,255|@@@@@@@@@@@@@@@@@@@@@@@@@@@@@@@@@%-                                                             
255,255,255|@@@@@@@@@@@@@@@@@@@@@@@@@@@@@@@@@#:                                                             
255,255,255|