0,0,0|                                                                                                
0,0,0|                                                                                                
0,0,0|                                                                                                
0,0,0|                                                                                                
0,0,0|                                                                                                
0,0,0|                                                                                                
0,0,0|                                                                                                
0,0,0|                                                                .-+=:                           
0,0,0|                                                          .... +@@@@%=                          
0,0,0|                                                          .=+%#@@@@@+                           
0,0,0|                                                         :*#%@@@@@@@@#*+=:                      
0,0,0|                                                          .. :#@@@@@@@@@@=                      
0,0,0|                                                              *@@@@@@@@@%+.                     
0,0,0|                                                              @@@@@@%+=:   .                    
0,0,0|                                                              %@@@@@@. :+#@-                    
0,0,0|                                                              =*@@@@@@@@@@%                     
0,0,0|                                                                -@@@@@@%%#=:.-+*####%#=:        
0,0,0|                                                                +@@@@@@@%#%@@@@@@@@@@@@%+:      
0,0,0|                                                     ::.      .#@@@@@@@@@@@@@@@@@@@@@@@@@%=.    
0,0,0|                                                    .#@@@@@%%%@@@@@@@@@@@@@@@@@@@@@@@@@@@@#:    
8,8,8|                                                      ---+#+.:@@@@@@@@@@@@@@@@@@@@@@@@@@@@*-.   
7,7,7|                                                              .:..%@* +@@*=*#%@@@@@@@@@@@%=     
0,0,0|                                                                  -%: :@@+    .+*=+%%*#*:       
0,0,0|                                                                       ::          ..           
0,0,0|        .*+-:                                                                                   
2,2,2|       .%@@@%=.                                                                                 
0,0,0|       =@@@@%*:                                                                                 
54,54,54|:::... -@@@@%+.                                                                                 
254,254,254|@@@@@@#*@@@@%+.                                                                                 
255,255,255|@@@@@@@@@@@@%+.                                                                                 
255,255,255|@@@@@@@@@@@@%+.                                                                                 
255,255,255|@@@@@@@@@@@@%=                                                                                  
253,253,253|@@@@@@@@@@@@#=                                                                                  
253,253,253|@@@@@@@@@@@@#=                                                                                  
255,255,255|@@@@@@@@@@@@#=                                                                                  
255,255,255|@@@@@@@@@@@@#-                                                                                  
255,255,255|