0,0,0|                                                                                                
0,0,0|                                                                                                
0,0,0|                                                                                                
0,0,0|                                                                   =###+                        
0,0,0|                                                                 :%@@@@@=                       
0,0,0|                                                                :@@@@@@@=                       
0,0,0|                                                               -%@@@@@@@@.                      
0,0,0|                                                           -##%@@@@@@@@@@@%#**+==               
0,0,0|                                                         *@@@@@@@@@@@@@@@@@@@@@@+               
0,0,0|                                                         :==-:-#@@@@@@@@@@@@@@%:                
0,0,0|                                                               .@@@@@@@@@@@@@%+=.               
0,0,0|                                                             -=*@@@@@@@@@@@%+.                  
0,0,0|                                                          .*@@@@@@@@@@@@@@+                     
0,0,0|                                                         *@@@@@@@@@@@@@@@@. .-+#%#              
0,0,0|                                                         **--@= +@@@@@@@@@+#@@@@@#:::----:.:::: 
0,0,0|                                                            .#.  %@@@@@@@@@@@@@@@@@@@@@@@@@@@*: 
0,0,0|                                                                 :@@@@@@@@@@@@@@@@@@@@@@@@@@@@@#
0,0,0|                                                                 .@@@@@@@@@@@@@@@@@@@@@@@@@@@@@@
0,0,0|                                                                 #@@@@@@@@@@@@@@@@@@@@@@@@@@@@@@
0,0,0|                                                             .=#@@@@@@@@@@@@@@@@@@@@@@@@@@@@@@@@
0,0,0|                                                            -@@%@@@@@@@@@@@@@@@@@@@@@@@@@@@@@@@@
0,0,0|                                                          =*@@*%@@@@@@@@@@@@@@@@@@@@@@@@@@@@@@@@
0,0,0|                                                          =@@@@@@@@@@@@@@@@@@@@@@@@@@@@@@@@@@@@@
0,0,0|                                                           =##@@@@@@@@@+=%@@@@@@@@@@@@@@@@@@@@@@
0,0,0|                                                              :+ -@@@@#   *@@@@@@@@@@@@@@@@@@@@%
0,0,0|                                                                  @@@@:   :@@@@@@#-*@@@@@%*@@%##
0,0,0|                                                                  *@@*     %@@@@#-  .-+#@%  -*=:
0,0,0|                                                                   -=      .*#*:-      :%+.   : 
0,0,0|                                                                                        :       
0,0,0|                                                                                                
0,0,0|                                                                                                
0,0,0|                                                                                                
1,1,1|                                                                                                
3,3,3|                                                                                                
0,0,0|                                                                                                
149,149,149|+--:                                                                                            
255,255,255|