0,0,0|                                                                                                
0,0,0|                                                                                                
0,0,0|                                                                                                
0,0,0|                                                                                                
0,0,0|                                                                                                
0,0,0|                                                                                                
0,0,0|                                                                                                
0,0,0|                                                                                                
0,0,0|                                                               -++-                             
0,0,0|                                                             .#@@@@.                            
0,0,0|                                                          :+%@@@@@@:                            
0,0,0|                                                         +*#@@@@@@@@@%#=                        
8,8,8|                                                             #@@@@@@@@%-                        
5,5,5|                                                             *@@@@@@@+                          
0,0,0|                                                            .@@@@@@#..:--                       
0,0,0|                                                             #@@@@@#+%@@=                       
2,2,2|                                                              -@@@@@@@@*.-=-===-.               
2,2,2|                                                              :@@@@@@%%@@@@@@@@@#-              
0,0,0|                                                            -*@@@@@@@@@@@@@@@@@@@@#-            
0,0,0|                                                       *%%##@@@@@@@@@@@@@@@@@@@@@@%-            
15,15,15|                                                        ++%%%@@@@@%@@@@@@@@@@@@@@@@=            
85,85,85|-:                                                         - :-*@@. %@@@@@@@@@@@@%*=.           
211,211,211|%*-                                                            .%=  =@@--*-=#%=*+:              
255,255,255|@@+.                                                                 :.      :                  
252,252,252|@@%#=.                    :.                                                                    
255,255,255|@@@@@%#=-               .#@%#-                                                                  
255,255,255|@@@@@@@@%=              +@@@@*.                                                                 
255,255,255|@@@@@@@@@*:             +@@@@*.                                                                 
255,255,255|@@@@@@@@@@@%%%%%%%####*-*@@@@*.                                                                 
255,255,255|@@@@@@@@@@@@@@@@@@@@@@@@@@@@@+.                                                                 
255,255,255|@@@@@@@@@@@@@@@@@@@@@@@@@@@@@+.                                                                 
255,255,255|@@@@@@@@@@@@@@@@@@@@@@@@@@@@@+                                                                  
255,255,255|@@@@@@@@@@@@@@@@@@@@@@@@@@@@%+                                                                  
255,255,255|@@@@@@@@@@@@@@@@@@@@@@@@@@@@%+                                                                  
255,255,255|@@@@@@@@@@@@@@@@@@@@@@@@@@@@%+                                                                  
255,255,255|@@@@@@@@@@@@@@@@@@@@@@@@@@@@%=                                                                  
255,255,255|