0,0,0|    .....                                                                   .-#@@@@@@@@@@@@@@@@@
2,2,2|     ....                                                                   :*@@@@@@@@@@@@@@@@@@
1,1,1|        .                                                                  :+###%@@@@@@@@@@@@@@@
0,0,0|                                                                          .---=*%@@@@@@@@@@@@@@@
0,0,0|                                                                             :+#@@@@@@@@@@@@@@@@
1,1,1|                                                                            .=+#%@@@@@@@@@@@@@@@
1,1,1|                                                                            .-+*%@@@@@@@@@@@@@@@
1,1,1|                                                                            .-+*%@@@@@@@@@@@@@@@
1,1,1|                                                                             :=*#@@@@@@@@@@@@@@@
1,1,1|                                                                             :=+#@@@@@@@@@@@@@@@
1,1,1|                           .                                                 :=+#%@@@@@@@@@@@@@@
0,0,0|                          .::.                                               .-+*%@@@@@@@@@@@@@@
0,0,0|                            ..                                               .-=*%@@@@@@@@@@@@@@
0,0,0|                .                                                             -=*%@@@@@@@@@@@@@@
0,0,0|                                                                              :=*#@@@@@@@@@@@@@@
0,0,0|                                                                              :-+#%@@@@@@@@@@@@@
0,0,0|                                                                              .-+*%@@@@@@@@@@@@@
5,5,5|   ..::--::..                                                               .-+#@@@@@@@@@@@@@@@@
12,12,12|  .::::::.                                                                  .=*#@@@@@@@@@@@@@@@@
7,7,7|                                                                             .-+#@@@@@@@@@@@@@@@
0,0,0|                                                                               :=*%@@@@@@@@@@@@@
0,0,0|                                                                                :=*%@@@@@@@@@@@@
0,0,0|                                                                                .-+*%@@@@@@@@@@@
0,0,0|                                                                                 .:-=+***##%@@@@
0,0,0|                                                                                   ..::::::--=+*
0,0,0|                                                                                                
0,0,0|                                                                                                
0,0,0|                                                                                                
0,0,0|                                                                                                
0,0,0|                                                                                                
0,0,0|                                                                                                
0,0,0|                                                                                                
0,0,0|                                                                                                
0,0,0|                                                                                                
0,0,0|                                                                                                
0,0,0|                                                                                                
255,255,255|