0,0,0|                                                                                                
0,0,0|                                                                                                
0,0,0|                                                                                                
0,0,0|                                                                                                
0,0,0|                                                                 .                              
0,0,0|                                                              .#@@%-                            
0,0,0|                                                             :@@@@@*                            
0,0,0|                                                            -@@@@@@@.                           
0,0,0|                                                       .:*@@@@@@@@@@@%#**+:                     
0,0,0|                                                       +@@%%@@@@@@@@@@@@@*.                     
0,0,0|                                                            =@@@@@@@@@@@+                       
0,0,0|                                                           .=@@@@@@@@@#-.                       
0,0,0|                                                          -@@@@@@@@@@.    :                     
0,0,0|                                                         *@@@@@@@@@@@:-*%@#                     
0,0,0|                                                         +- *@@@@@@@@@@@@@=:::-:.:.             
0,0,0|                                                            ..%@@@@@@@@@@@@@@@@@@@*:            
0,0,0|                                                              *@@@@@@@@@@@@@@@@@@@@@#:.         
0,0,0|                                                            :+@@@@@@@@@@@@@@@@@@@@@@@@*-        
0,0,0|                                                          :#@@@@@@@@@@@@@@@@@@@@@@@@@@+-.       
0,0,0|                                                        -=@#*@@@@@@@@@@@@@@@@@@@@@@@@@#.        
0,0,0|                                                        *@@@@@@@@@@@@@@@@@@@@@@@@@@@@@#:        
0,0,0|                                                         =:+#%@@@@=-#@@@@@@@@@@@@@@@@#*+-.      
0,0,0|                                                              #@@#   #@@@#*@@@@%%@###-::        
0,0,0|                                                              =@@:   -@@@= .-+@+ -+::           
1,1,1|   .#*                                                         ::     =*+     +:                
1,1,1|   -@*                                                                                          
8,8,8| -#%@@%*                                                                                        
9,9,9| *@@@@@*                                                                                        
14,14,14| *@@@@@*.                                                                                       
215,215,215|%@@@@@@@@##+                                                                                    
255,255,255|@@@@@@@@@@@@=                                 ++                                                
253,253,253|@@@@@@@@@@@@*                               .#@@*.                                              
255,255,255|@@@@@@@@@@@@-                               %@@@@%                                              
255,255,255|@@@@@@@@@@@@-                              :@@@@@@.                                             
255,255,255|@@@@@@@@@@@@%=                             :@@@@@%                                              
255,255,255|@@@@@@@@@@@@@@+::::....                    .%@@@@#                                              
255,255,255|