0,0,0|                                                                                                
0,0,0|                                                                                                
0,0,0|                                                                                                
0,0,0|                                                                                                
0,0,0|                                                                                                
0,0,0|                                                                                                
0,0,0|                                                -=.   ...                                       
0,0,0|                                               +@@+:*@@@@%*-.                                   
0,0,0|                                               :*@@@@@@@@-:-:                                   
7,7,7|                                                  -%@@@@@@#+.                                   
12,12,12|                                                  +@@#@@@@@@@#+.                                
0,0,0|                                                  .-@@@@@@@@#*+.                                
1,1,1|                                                    #@@@@@##@#                                  
0,0,0|                                                    %%-@@@@@@@=--::.                            
5,5,5|                                 :..              .##.=@@@@@@%#***#*-=+*****+                   
5,5,5|                                .*##%@%%%##*++++=*@@*@@@@@@@@@@@@%@@@@@@@@@@@%=:                
13,13,13|                                    :+::=*##*+---==%@@@@@@@@@@@@@@@@@@@@@@@@@@@@:               
2,2,2|                                            ..     .:::..=@@@=..:=**#%%@@@@@@%#*.               
0,0,0|                                                          *++:          .-+*=.                  
1,1,1|                                                                                                
1,1,1|                                                                                                
7,7,7|                                                                                                
2,2,2|                                                                           .                    
2,2,2|                                                                                                
0,0,0|                                                                                                
0,0,0|                                                                                                
0,0,0|                             ..                                                                 
0,0,0|                                                                                                
0,0,0|                                                                                                
0,0,0|                                                                                                
0,0,0|                                                                                                
0,0,0|                                                                                                
0,0,0|                                                                                                
0,0,0|                                                                                                
0,0,0|                                                                                                
0,0,0|                                                                                                
255,255,255|