0,0,0|                                                                                                
0,0,0|                                                                                                
0,0,0|                                                                                                
0,0,0|                                                                                                
0,0,0|                                                                                                
0,0,0|                                                                                                
0,0,0|                                                            -+=.                                
0,0,0|                                                           #@@@*                                
0,0,0|                                                         :#@@@@@.                               
0,0,0|                                                     .=%@@@@@@@@@%#**.                          
0,0,0|                                                     .++-+@@@@@@@@@@=                           
0,0,0|                                                          %@@@@@@@=                             
0,0,0|                                                         =@@@@@@@:  ..                          
0,0,0|                                                         #@@@@@@%-+%@:                          
0,0,0|                                                         -=%@@@@@@@@#:--::.                     
0,0,0|                                                           *@@@@@@@@@@@@@@#-                    
0,0,0|                                                         .-@@@@@@@@@@@@@@@@@#=.                 
0,0,0|                                                        +%@@@@@@@@@@@@@@@@@@@+:                 
0,0,0|                                                      +%@%@@@@@@@@@@@@@@@@@@@+                  
0,0,0|                                                      :#*@@@@@%#@@@@@@@@@@@@%*:                 
0,0,0|          ==                                             .:%@@. :@@@%@@@@@##=-:                 
0,0,0|          ##                                               -%=   #@@..-%:.-.                    
0,0,0|        *@@@#-                                                    -:   .                        
1,1,1|        *@@@@-                                                                                  
1,1,1|     -=+%@@@@#=-.                                                                               
1,1,1|    *@@@@@@@@@@@%.                           .#=                                                
0,0,0|   -@@@@@@@@@@@@@+   :#-                    :%@@*                                               
2,2,2|   :@@@@@@@@@@@@@:  =@@@=                   *@@@@-                                              
0,0,0|   :@@@@@@@@@@@@@: =@@@@@.                  *@@@@-                                              
34,34,34|...=@@@@@@@@@@@@@-.#@@@@@=.............     +@@@@:                                              
241,241,241|@@@@@@@@@@@@@@@@@@@@@@@@@@@@@@@@@@@@@@@@%*- +@@@@:                                              
255,255,255|@@@@@@@@@@@@@@@@@@@@@@@@@@@@@@@@@@@@@@@@@@@*#@@@@.                                              
254,254,254|@@@@@@@@@@@@@@@@@@@@@@@@@@@@@@@@@@@@@@@@@@@@@@@@@.                                              
255,255,255|@@@@@@@@@@@@@@@@@@@@@@@@@@@@@@@@@@@@@@@@@@@@@@@@@.                                              
255,255,255|@@@@@@@@@@@@@@@@@@@@@@@@@@@@@@@@@@@@@@@@@@@@@@@@@.                                              
255,255,255|@@@@@@@@@@@@@@@@@@@@@@@@@@@@@@@@@@@@@@@@@@@@@@@@@.                                              
255,255,255|