0,0,0|                                                                                                
0,0,0|                                                                                                
0,0,0|                                                                                                
0,0,0|                                                                                                
0,0,0|                                                                                                
0,0,0|                                                                                                
0,0,0|                                                                                                
0,0,0|                                             .-#**=                                             
0,0,0|                                          :+#@@@@@@*=:                                          
0,0,0|                                    ....-%@@@@@@@@@%:                                           
0,0,0|                                   +@@@@@@@@@@@@@@@@:                                           
0,0,0|                                   %@@@@@@@@%%#*=--:                                            
0,0,0|                                  :@@@@@@%=.                                                    
0,0,0|                                   :#@%@#.                                                      
0,0,0|                                                                                                
0,0,0|                                                                                                
0,0,0|                                                                                                
0,0,0|                                                                                                
0,0,0|                                                                                                
0,0,0|                                                                                                
0,0,0|                                                                                                
0,0,0|                                                                                                
0,0,0|                                                                                                
0,0,0|                                                                                                
0,0,0|                                                                                                
0,0,0|                                                                                                
2,2,2|                                                                                                
13,13,13|                                                                                                
40,40,40|..                                                                                              
78,78,78|-::..                                                                                           
128,128,128|+=--:::..                                                                                       
178,178,178|**++==--::...                                                                                   
217,217,217|%%##**+==--::...                                                                                
237,237,237|@@%%%##**++==--::..                                                                             
248,248,248|@@@@@@%%%##**++=--::...                                                                         
253,253,253|@@@@@@@@@%%%##**++==-:::..                                                                      
255,255,255|