0,0,0|                                                                                                
0,0,0|                                                                                                
0,0,0|                                                                                                
0,0,0|                                                                                                
0,0,0|                                                                                                
0,0,0|                                                                                                
0,0,0|                                                                                                
0,0,0|                                                             .-:                                
0,0,0|                                                            =@@@+                               
0,0,0|                                                         :=*@@@@#                               
0,0,0|                                                        +*%@@@@@@@%#*.                          
0,0,0|                                                        .  *@@@@@@@#:                           
0,0,0|                                                           +@@@@@@#-                            
0,0,0|                                                           %@@@@@+ :==                          
0,0,0|                                                           -@@@@@%@@@=                          
0,0,0|                                                            :@@@@@@@@%%%%#+.                    
0,0,0|                                                            *@@@@@@@@@@@@@@%+:                  
0,0,0|                                                         -#%@@@@@@@@@@@@@@@@%-                  
0,0,0|                                                       =@@@@@@@@@@@@@@@@@@@@@:                  
0,0,0|                                                        -+%#@@@*-#@@@@@@@@@@*=.                 
0,0,0|         ..                                               -  @%  .@@*-*@*++-                    
0,0,0|         *=                                                  ..   =+.  :.                       
0,0,0|       .#@%=                                                                                    
0,0,0|       :@@@#                                                                                    
0,0,0|    .*#@@@@@#*:                      -                                                          
0,0,0|    #@@@@@@@@@% :#-                .*@#.                                                        
4,4,4|    *@@@@@@@@@#-@@@-               =@@@+                                                        
0,0,0|    #@@@@@@@@@**@@@*               =@@@+                                                        
125,125,125|=+++@@@@@@@@@@%#@@@@%%%%%######**- -@@@=                                                        
255,255,255|@@@@@@@@@@@@@@@@@@@@@@@@@@@@@@@@@@##@@@=                                                        
251,251,251|@@@@@@@@@@@@@@@@@@@@@@@@@@@@@@@@@@@@@@@=                                                        
255,255,255|@@@@@@@@@@@@@@@@@@@@@@@@@@@@@@@@@@@@@@@=                                                        
255,255,255|@@@@@@@@@@@@@@@@@@@@@@@@@@@@@@@@@@@@@@@-                                                        
255,255,255|@@@@@@@@@@@@@@@@@@@@@@@@@@@@@@@@@@@@@@@-                                                        
255,255,255|@@@@@@@@@@@@@@@@@@@@@@@@@@@@@@@@@@@@@@@-                                                        
255,255,255|@@@@@@@@@@@@@@@@@@@@@@@@@@@@@@@@@@@@@@@-                                                        
255,255,255|