0,0,0|                                                                                                
0,0,0|                                                                                                
0,0,0|                                                                                                
0,0,0|                                                                                                
0,0,0|                                                                                                
0,0,0|                                                                                                
0,0,0|                                                 :-.  .---:.                                    
1,1,1|                                                +@@+:*@@@@%#+-.                                 
0,0,0|                                                :*@@@@@@@@*:::                                  
0,0,0|                                                   :*@@@@@@@%*:                                 
0,0,0|                                                   :%@#@@@@@@@%+:                               
0,0,0|                                                    .*@@@@@@@@%%=                               
0,0,0|                                                     :@@@@@@*@@=                                
0,0,0|                                                     -@+*@@@@@@%--::.                           
0,0,0|                                  ..                -@=.*@@@@@@%####%+-=+*****+:                
0,0,0|                                  +##%@%%##**++++==#@#*@@@@@@@@@@@@@@@@@@@@@@@@@+-              
0,0,0|                                     .+=-=*%@#+===++*@@@@@@@@@@@@@@@@@@@@@@@@@@@@@*             
0,0,0|                                             ::      ---:::*@@@--:=+##%@@@@@@@@@%%+             
2,2,2|                                                           :%**          .:=*##-                
7,7,7|                                                                                                
0,0,0|                                                                                                
0,0,0|                                                            .                                   
0,0,0|                                                                                                
5,5,5|                                                                                                
16,16,16|                                                                                                
0,0,0|                                                                                                
0,0,0|                                  ..                                                            
0,0,0|                                                                                                
0,0,0|                                                                                                
1,1,1|                                                                                                
1,1,1|                                                                                                
3,3,3|                                                                                                
0,0,0|                                                                                                
0,0,0|                                                                                                
0,0,0|                                                                                                
0,0,0|                                                                                                
255,255,255|