0,0,0|                                                                                                
0,0,0|                                                                                                
0,0,0|                                                                                                
0,0,0|                                                                                                
0,0,0|                                                                                                
0,0,0|                                                                                                
0,0,0|                                                                  -*##*+:                       
0,0,0|                                                           ..   .#@@@@%=*=                      
9,9,9|                                                           =*##%@@@@@@%.                        
3,3,3|                                                          .**#%@@@@@@@@@@%*+:                   
0,0,0|                                                               :#@@@@@@@@@%+.                   
0,0,0|                                                               *@@@@@@@@@@@@%=                  
0,0,0|                                                               -#@@@@@@%++#**=:                 
0,0,0|                                                                =@@@@@@@- .-+*%.                
0,0,0|                                                                =*=@@@@@@#@@@@%                 
0,0,0|                                                                  .@@@@@@@@#%%#**=   .:-=++****+
0,0,0|                                                                 -@@@@@@@@@@#++*##*#%@@@@@@@@@@@
0,0,0|                                                .::..           +@@@@@@@@@@@@@@@@@@@@@@@@@@@@@@@
0,0,0|                                                :#%@@@@@@%%%%%%@@@@@@@@@@@@@@@@@@@@@@@@@@@@@@@@@
0,0,0|                                                   -+--*%%-::::-@@@@@@@@@@@@%%@@@@@@@@@@@@@@@@@@
0,0,0|                                                         :=     -=-:.::@@*@@+ .-+#%%@@@@@@@@@@@@
0,0,0|                                                                       =@-@@#        ..:-=#%@@@@
0,0,0|                                                                        . -=.               :==.
0,0,0|                                                                                                
0,0,0|                                                                                                
0,0,0|                                                                                                
0,0,0|                                                                                                
0,0,0|                                                                                                
0,0,0|                                                                                                
0,0,0|                                                                                                
0,0,0|                                                                                                
0,0,0|                                                                                                
0,0,0|                                                                                                
0,0,0|                                                                                                
0,0,0|                                                                                                
0,0,0|                                                                                                
255,255,255|