0,0,0|                                                                                                
0,0,0|                                                                                                
0,0,0|                                                                                                
0,0,0|                                                                   :::                          
0,0,0|                                                                 +@@@@#                         
0,0,0|                                                                #@@@@@@                         
0,0,0|                                                              .*@@@@@@@=                        
0,0,0|                                                           =+*@@@@@@@@@@*+=--:.                 
0,0,0|                                                        :#@@@@@@@@@@@@@@@@@@@@#                 
0,0,0|                                                        .+*+==#@@@@@@@@@@@@@@-                  
1,1,1|                                                               @@@@@@@@@@@@@*-                  
9,9,9|                                                            .-+@@@@@@@@@@%*:                    
0,0,0|                                                          .*@@@@@@@@@@@@%.                      
0,0,0|                                                        .#@@@@@@@@@@@@@@* .-+#%#                
0,0,0|                                                        .+=.-@:-@@@@@@@@##@@@@@*:::---:::::.    
0,0,0|                                                            .+  #@@@@@@@@@@@@@@@@@@@@@@@@%=.    
0,0,0|                                                                .@@@@@@@@@@@@@@@@@@@@@@@@@@@*.  
0,0,0|                                                                -@@@@@@@@@@@@@@@@@@@@@@@@@@@@%*-
0,0,0|                                                              .=%@@@@@@@@@@@@@@@@@@@@@@@@@@@@@@*
0,0,0|                                                            -%@@@@@@@@@@@@@@@@@@@@@@@@@@@@@@@@@+
0,0,0|                                                          .=@#*@@@@@@@@@@@@@@@@@@@@@@@@@@@@@@@@#
0,0,0|                                                         -@@@%@@@@@@@@@@@@@@@@@@@@@@@@@@@@@@@@%#
0,0,0|                                                          =@%@@@@@@@@@#@@@@@@@@@@@@@@@@@@@@@@@@@
0,0,0|                                                           . -*-*@@@@+ .+@@@@@@@@@@@@@@@@@@@@@*=
0,0,0|                                                                .@@@@    %@@@@@+*@@@@@%#@@##%+::
0,0,0|                                                                 %@@=    +@@@@*   -=#@* .+*:-.  
0,0,0|                                                                  ==      +%#=:     :#=   ..    
0,0,0|                                                                                     .          
2,2,2|                                                                                                
0,0,0|                                                                                                
190,190,190|#+                                                                                              
255,255,255|@#                                                                                              
252,252,252|@+                                                                                              
255,255,255|@%+-::                                                                                          
255,255,255|@@@@@@*                                                                                         
255,255,255|@@@@@@@=                                      .                                                 
255,255,255|