0,0,0|                 .     .=%@.                                                                    
0,0,0|                 .   :*@@@@#                                                                    
0,0,0|          -+#%@@@%%%%@@@@@@@-                                                                   
0,0,0|        +@@@@@@@@@@@@@@@@@@@@#=:                                                                
0,0,0|      -@@@@@@@@@@@@@@@@@@@@@@@@@#-                                                              
0,0,0|     :@@@@@@@@@@@@@@@@@@@@@@@@@@@@#.                                                            
0,0,0|     @@@@@@@@@@@@@@@@@@@@@@@@@@@@@@%.                                                       .   
4,4,4|    +@@@@@@@@@@@@@@@@@@@@@@@@@@@@@@@#                                                           
0,0,0|    *@@@@@@@@@@@@@@@@@@@@@@@@@@@@@@@@:                                                          
88,88,88|-+#%@@@@@@@@@@@@@@@@@@@@@@@@@@@@@@@@@=                                                .:        
255,255,255|@@@@@@@@@@@@@@@@@@@@@@@@@@@@@@@@@@@@@.                                                ::        
255,255,255|@@@@@@@@@@@@@@@@@@@@@@@@@@@@@@@@@@@@=                                                           
138,138,138|+#@@@@@@@@@@@@@@@@@@@@@@@@@@@@@@@@@@%.                                 .                        
0,0,0|  .:#@@@@@@@@@@@@@@@@@@@@@@@@@@@@@@@@@:                                                         
4,4,4|    @@@@@@@@@@@@@@@@@@@@@@@@@@@@@@@@#=.     .                                                   
0,0,0|   :@@@@@@@@@@@@@@@@@@@@@@@@@@@@@@@@*                                                           
0,0,0|   +@@@@@@@@@@@@@@@@@@@@@@@@@@@@@@@@@                                                           
1,1,1|  :%@@@@@@@@@@@@@@@@@@@@@@@@@@@@@@@@@=                                                          
3,3,3|  =@@@@@@@@@@@@@@@@@@@@@@@@@@@@@@@@@@%                                                          
1,1,1|  .#@@@@@@@@@@@@@@@@@@@@@@@@@@@@@@@@@@+                                                         
0,0,0|   %@%@@@@@@@@@@@@@@@@@@@@@@@@@@@@@@@@@=  .-                                                    
1,1,1|  .*.  :+*#@@@@@@@@@@@@@@@@@@%%@@@@@@@*#+.                                                      
1,1,1|     :=#%@@@@@@@@@@@@@@@@@@@@@@@%@@#-.  :=                                                      
1,1,1|  =#@@@@@@@@@@@@@@@@@@@@@@@@@@@@@@@-                                                            
0,0,0| +@@@@@@@@@@@@@@@@@@@@@@@@@@@@@@@@@#.                                                           
1,1,1| .@@@@@@@@@@@@@@@@@@@@@@@@@@@@@@@@@@%                                                           
0,0,0| -@@@@@@@@@@@@@@@@@@@@@@@@@@@@@@@@@@@%+*.                                                       
8,8,8| #@@@@@@@@@@@@@@@@@@@@@@@@@@@@@@@@@@@@@#                                                        
178,178,178|*@@@@@@@@@@@@@@@@@@@@@@@@@@@@@@@@@@@@@@%+-.                                                     
247,247,247|@@@@@@@@@@@@@@@@@@@@@@@@@@@@@@@@@@@@@@@@@@-                                                     
245,245,245|@@@@@@@@@@@@@@@@@@@@@@@@@@@@@@@@@@@@@@@@@%                                           ..         
255,255,255|@@@@@@@@@@@@@@@@@@@@@@@@@@@@@@@@@@@@@@@@@@*                                                     
255,255,255|@@@@@@@@@@@@@@@@@@@@@@@@@@@@@@@@@@%@@@@@@@@%.                                                   
255,255,255|@@@@@@@@@@@@@@@@@@@@@@@@@@@@@@@@@@-%@@@@@@@@@:                                                  
255,255,255|@@@@@@@@@@@@@@@@@@@@@@@@@@@@@@@@@@-%@@@@@@@@@@-                                                 
255,255,255|@@@@@@@@@@@@@@@@@@@@@@@@@@@@@@@@@*:@@@@@@@@@@@@=                                                
255,255,255|