0,0,0|                                                                                                
0,0,0|                                                                                                
0,0,0|                                                                                                
0,0,0|                                                                                         .      
0,0,0|                                                                                                
0,0,0|                                                                                         .      
0,0,0|                                                                                                
0,0,0|                                                                                                
0,0,0|                                                                                                
0,0,0|                                                                                                
0,0,0|                                                                                                
0,0,0|                                                                                                
0,0,0|                                                                                                
0,0,0|                                                                                                
0,0,0|                                                                                            ..  
1,1,1|                                                                                           -@@%+
2,2,2|                                                                                          :@@@@@
7,7,7|   ....:::::-----=====++++++*******#######################################################%@@@@@
172,172,172|*#%%%%@@@@@@@@@@@@@@@@@@@@@@@@@@@@@@@@@@@@@@@@@@@@@@@@@@@@@@@@@@@@@@@@@@@@@@@@@@@@@@@@@@@@@@@@@@
255,255,255|@@@@@@@@@@@@@@@@@@@@@@@@@@@@@@@@@@@@@@@@@@@%%%%%%%%%%%%%%%%%%%%%%%%%%%%%%%%@@@@@@@@@@@@@@@@@@@@@
179,179,179|###*****+++++======------:::::::::::.................................................::::::%@@@@
6,6,6|                                                                                           =@@@%
1,1,1|                                                                                            .==:
0,0,0|                                                                                                
0,0,0|                                                                                                
0,0,0|                                                                                                
0,0,0|                                                                                                
0,0,0|                                                                                                
0,0,0|                                                                                                
0,0,0|                                                                                                
0,0,0|                                                                                                
0,0,0|                                                                                                
0,0,0|                                                                                                
1,1,1|                                                                                                
0,0,0| ..                                                                                             
19,19,19| %:                                                                                             
255,255,255|