0,0,0|    .#*-                                                                                        
0,0,0|                                                                                                
0,0,0|                                                                                           :-   
0,0,0|                                                                                                
0,0,0|                                                                                          ::    
0,0,0|                                                                                                
0,0,0|                                                                                                
0,0,0|                                                                                                
0,0,0|                                                                                                
0,0,0|                                                                                                
0,0,0|                                                                                                
0,0,0|                                                                                                
0,0,0|                                                                                                
0,0,0|                                                                                                
0,0,0|                                                                                                
0,0,0|                                                                                                
2,2,2|                                                                                                
0,0,0|                        ..........:::::::::---------------------------------------------------::
56,56,56|::--====++++*****#####%%%%%%%%%@@@@@@@@@@@@@@@@@@@@@@@@@@@@@@@@@@@@@@@@@@@@@@@@@@@@@@@@@@@@@@@@@
242,242,242|@@@@@@@@@@@@@@@@@@@@@@@@@@@@@@@@@@@@@@@@@@@@@@@@@@@@@@@@@@@@@@@@@@@@@@@@@@@@@@@@@@@@@@@@@@@@@@@@
255,255,255|@@@@@@@@@@@@@@@@@@@@@@@@@@@@@@@@@@@@@@@@@@@@@@@@@@@@@@@@@@@@@@@@%%%%%%%%@@@@@@@@@@@@@@@@@@@@@@@@
197,197,197|#######******+++++======-------:::::::::::::...........................................::::::::.
11,11,11|                                                                                                
1,1,1|                                                                                                
0,0,0|                                                                                                
0,0,0|                                                                                                
0,0,0|                                                                                                
0,0,0|                                                                                                
0,0,0|                                                                                                
0,0,0|                                                                                                
0,0,0|                                                                                                
0,0,0|                                                                                                
0,0,0|       ..                                                                                       
0,0,0|       %:                                                                                       
0,0,0|      #@-                                                                              .        
0,0,0|     *@@=                                                                             .%.       
255,255,255|