0,0,0|                                                                                                
0,0,0|                                                                                                
0,0,0|                                                                                                
0,0,0|                                                                                                
0,0,0|                                                                                                
0,0,0|                                                                                 :              
0,0,0|                                                                                 .              
0,0,0|                                                                                                
0,0,0|                                                                                                
0,0,0|                                                                                                
0,0,0|                                                                                                
0,0,0|                                                                                                
0,0,0|                                                                                            .:+#
0,0,0|                                                                                         :+%@@@@
0,0,0|                                                                 ..                   :+%@@@@@@@
1,1,1|                                 ............................... %@-.:--+*-         .*@@@@@@@@@@
0,0,0|     .::---===++++****######%%%%%%%%%%%%%%%%%%%%%%%%%%%%%%%%%%%%%@@@@@@@@@@*===---:-@@@@@@@@@@@@
80,80,80|-+*%%@@@@@@@@@@@@@@@@@@@@@@@@@@@@@@@%%%%%%%%%%%%%%@@@@@@@@@@@@@@@@@%@@@@@@@@@%%%%%@@@@@@@@@@@@@@
191,191,191|###**+++====----::::::::.........................................%@-:#@@@@@@@%*=-..%@@@@@@@@@@@@
9,9,9|                                                                 .-   .-+#%@@@@@@@@@@@@@@@@@@@@@
0,0,0|                                                                            .-=*%@@@@@@@@@@@@@@@
0,0,0|                                                                                 .-*%@@@@@@@@@@@
0,0,0|                                                                                     .:-%@@@@@@@
0,0,0|                                                                                        *@@@@@@@
0,0,0|                                                                                       #@@@@@@@@
0,0,0|                                                                                       %@@@@@@@@
0,0,0|                                                                                       .*@@@@@@@
0,0,0|                                                                                         .-+##@@
0,0,0|                                                                                              +@
0,0,0|                                                                                              -@
0,0,0|                                                                                             -%@
0,0,0|                                                                                             *@@
0,0,0|                                                                                              @@
0,0,0|                                                                                              =@
0,0,0|                                                             ..                                %
0,0,0|                                                            :@@#=.                             *
255,255,255|