0,0,0|                                                                                                
0,0,0|                                                                                                
0,0,0|                                                                                                
0,0,0|                                                                                                
0,0,0|                                                                                                
0,0,0|                                                                                                
0,0,0|                                                                               -                
0,0,0|                                                                                                
0,0,0|                                                                                .               
0,0,0|                                                                                                
0,0,0|                                                                                                
0,0,0|                                                                                            .:::
0,0,0|                                                                                       :=*%@@@@@
0,0,0|                                                                                   -+%@@@@@@@@@@
0,0,0|                                                              :                 :*@@@@@@@@@@@@@@
0,0,0|                        ...........::::::::..................=@+:-==**:       .*@@@@@@@@@@@@@@@@
4,4,4|    ..:--=++***#####%%%%%%@@@@@@@@@@@@@@@@@@@@@@@@@@@@@@@@@@@@@@@@@@@@@*+++++=%@@@@@@@@@@@@@@@@@
13,13,13| :+#%@@@@@@@@@@@@@%%%%%%%#######********************#########%@##@@@@@@@%****@@@@@@@@@@@@@@@@@@@
25,25,25| =+==---:::........                                          :%- -#%@@@@@%#+=#@@@@@@@@@@@@@@@@@@
4,4,4|                                                                    .-=*#@@@@@@@@@@@@@@@@@@@@@@@
0,0,0|                                                                          .-+%@@@@@@@@@@@@@@@@@@
0,0,0|                                                                              .-=*%@@@@@@@@@@@@@
0,0,0|                                                                                  -@@@@@@@@@@@@@
0,0,0|                                                                                 =@@@@@@@@@@@@@@
0,0,0|                                                                                 #@@@@@@@@@@@@@@
0,0,0|                                                                                  +@@@@@@@@@@@@@
0,0,0|                                                                                    :=+%@@@@@@@@
0,0,0|                                                                                       +@@@@@@@@
0,0,0|                                                                                      :%@@@@@@@@
0,0,0|                                                                                      %@@@@@@@@@
0,0,0|                                                                                      -@@@@@@@@@
0,0,0|                                                                                       #@@@@@@@@
0,0,0|                                                         ..                            -@@@@@@@@
0,0,0|                                                        .@@%+:                         -@@@@@@@@
0,0,0|                                                         :=#@@@*-.                     =@@@@@@@@
0,0,0|                                                             -#@@@#=:                   *@@@@@@@
255,255,255|