0,0,0|                                                                                                
0,0,0|                                                                                                
0,0,0|                                   .-==+*%%@@%%#*=.  ..                                         
0,0,0|                                 :#@@@@@@@@@@@@@@@@**@@@*.                                      
0,0,0|                                -@@@@@@@@@@@@@@@@@@@@@@@@@-                                     
0,0,0|                                #@@@@@@@@@@@@@@@@@@@@@@@@@@-                                    
0,0,0|                                *@@@@@@@@@@@@@@@@@@@@@@@@@@@.                                   
0,0,0|                                -@@@@@@@@@@@@@@@@@@@@@@@@@@%:                                   
0,0,0|                               -%@@@@@@@@@@@@@@@@@@@@@+-::.                                     
0,0,0|                             -%@@@@@@@@@@@@@@@@@@@@@@@@:                                        
0,0,0|                           .#%#%@@@@@@@@@@@@@@@@@@@@@%=                                         
0,0,0|                                ::*@@@@@@@@@@@@@@@@@@#                                          
0,0,0|                                    +@@@@@@@@@@@@@@@@#                                          
0,0,0|                                    :**%@@@@@@@@@@@@@* .                                        
0,0,0|                                    .    :*@@@@@@@@@@###=:.                                     
0,0,0|                                        =#@@@@@@@@@@@@@@@@@%#*=-.                               
0,0,0|                                       *@@@@@@@@@@@@@@@@@@@%#*+-:                               
0,0,0|                                      .@@@@@@@@@@@@@@@@@@@@@@@@@%*=:                            
0,0,0|                                    .:#@@@@@@@@@@@@@@@@@@@##@@@@@@@%*=:                         
0,0,0|                                :-+*%@@@@@@@@@@@@@@@@@@@@@+  .=***##%%#+-:.                     
0,0,0|                                .....*@@@@@@@@@@@@@@@@@@@@+           ..                        
0,0,0|                                     *@@@@@@@@@@@@@@@@@@@-                                      
0,0,0|                                .-=*#@@@@@@@@@@@@@@@@@@=                                        
0,0,0|                          .:-+*%@@@@@@@@@@@@@@@@@@@@% =.                                        
0,0,0|                         .:-=+*###%%%@@@@@@@@@@@@@@@@                                           
0,0,0|                            .:-==++*#*#@@@@@@@@@@@@@@.                                          
0,0,0|                       .:-=+*%%%@@@@@@@@@@@@@@@@@@@@@.                                          
0,0,0|                   .:-=*#%@@@@@@@@@@@@@@@@@@@@@@@@@@#                                           
0,0,0|                  :-=+*#%%@@@@@@@@@@@@@@@@@@@@@@@@@@=                                           
0,0,0|               ..::-=====+*#%#@@@@%**#%@@@@@@@@@@@@@@+                                          
0,0,0|            .::-==+*####%@@@@@@@%: .+%@@@@@@@@@@@@@@@@=                                         
0,0,0|         .:-=++*#%%@@@@@@@@@@@@@@:=@@@@@@@@@@@@@@@@@@@@                                         
0,0,0|       .::---+*#%@@@@@@@@@@@@@@@%#@@@@@@@@@@@@@@@@@@@@@+                                        
9,9,9|   ...:::::...::---*@@@##%@@@%+=%@@@@@%@@@@@@@@@@@@@@@@@.                                       
28,28,28|............... .=#%*-.   .:.  *@@@@@@@@@@@@@@@@@@@@@@@@%.                                      
5,5,5|               =#*-            *@@@%@%@@@@@@@@@@@@@@@@@@@#                                      
255,255,255|