0,0,0|                .         -+                                                                    
0,0,0|                .      :*@@@+                                                                   
0,0,0|           :+*#%%%%###%@@@@@@.                                                                  
0,0,0|         +%@@@@@@@@@@@@@@@@@@%*-                                                                
0,0,0|      =%%@@@@@@@@@@@@@@@@@@@@@@@@*.                                                             
0,0,0|      =@@@@@@@@@@@@@@@@@@@@@@@@@@@@=                                                       .    
0,0,0|     .@@@@@@@@@@@@@@@@@@@@@@@@@@@@@@*                                                      .    
3,3,3|     *@@@@@@@@@@@@@@@@@@@@@@@@@@@@@@@=                                                          
0,0,0|     #@@@@@@@@@@@@@@@@@@@@@@@@@@@@@@@@                                                          
78,78,78|-:=*#@@@@@@@@@@@@@@@@@@@@@@@@@@@@@@@@@.                                              ::         
255,255,255|@@@@@@@@@@@@@@@@@@@@@@@@@@@@@@@@@@@@@%                                               :.         
255,255,255|@@@@@@@@@@@@@@@@@@@@@@@@@@@@@@@@@@@@@:                                                          
87,87,87|-*%@@@@@@@@@@@@@@@@@@@@@@@@@@@@@@@@@@#                                                          
0,0,0|   ::#@@@@@@@@@@@@@@@@@@@@@@@@@@@@@@@@%.                                                        
3,3,3|     %@@@@@@@@@@@@@@@@@@@@@@@@@@@@@@@*=                                                         
0,0,0|     @@@@@@@@@@@@@@@@@@@@@@@@@@@@@@@@-                                                          
0,0,0|    :@@@@@@@@@@@@@@@@@@@@@@@@@@@@@@@@%                                                          
1,1,1|   -@@@@@@@@@@@@@@@@@@@@@@@@@@@@@@@@@@=                                                         
0,0,0|   *%@@@@@@@@@@@@@@@@@@@@@@@@@@@@@@@@@@:                                                        
0,0,0|   :-%@@@@@@@@@@@@@@@@@@@@@@@@@@@@@@@@@@:                                                       
0,0,0|     *@%@@@@@@@@@@@@@@@@@@@@@@@@@@@@@@@@@=-.                                                    
0,0,0|     *: .=*#%@@@@@@@@@@@@@@@@%**%%%@@@@+:==:                                                    
0,0,0|     :-*#@@@@@@@@@@@@@@@@@@@@@@@@%##=-     .                                                    
2,2,2|  .+#@@@@@@@@@@@@@@@@@@@@@@@@@@@@@@%                                                            
2,2,2|  #@@@@@@@@@@@@@@@@@@@@@@@@@@@@@@@@@=                                                           
3,3,3|  :@@@@@@@@@@@@@@@@@@@@@@@@@@@@@@@@@@+                                                          
5,5,5|  *@@@@@@@@@@@@@@@@@@@@@@@@@@@@@@@@@@@+*-                                                       
0,0,0| .@@@@@@@@@@@@@@@@@@@@@@@@@@@@@@@@@@@@@@-                                                       
65,65,65|:@@@@@@@@@@@@@@@@@@@@@@@@@@@@@@@@@@@@@@@+:.                                                     
127,127,127|=@@@@@@@@@@@@@@@@@@@@@@@@@@@@@@@@@@@@@@@@@#                                          .          
86,86,86|-@@@@@@@@@@@@@@@@@@@@@@@@@@@@@@@@@@@@@@@@@:                                          .          
231,231,231|@@@@@@@@@@@@@@@@@@@@@@@@@@@@@@@@@@@@@@@@@@#                                                     
255,255,255|@@@@@@@@@@@@@@@@@@@@@@@@@@@@@@@@@@%@@@@@@@@%.                                                   
224,224,224|%@@@@@@@@@@@@@@@@@@@@@@@@@@@@@@@@@+*@@@@@@@@@:                                                  
254,254,254|@@@@@@@@@@@@@@@@@@@@@@@@@@@@@@@@@@+#@@@@@@@@@@-                                                 
255,255,255|@@@@@@@@@@@@@@@@@@@@@@@@@@@@@@@@@@:@@@@@@@@@@@@-                                                
255,255,255|