0,0,0|                                                                                                
0,0,0|                                                                                                
0,0,0|                                                                                                
0,0,0|                                                                                        .       
0,0,0|                                                                                                
0,0,0|                                                                                        .       
0,0,0|                                                                                                
0,0,0|                                                                                                
0,0,0|                                                                                                
0,0,0|                                                                                                
0,0,0|                                                                                                
0,0,0|                                                                                                
0,0,0|                                                                                                
0,0,0|                                                                                                
0,0,0|                                                                                         ..     
1,1,1|                                                                                        *@@#-   
1,1,1|                                   ................................................... =@@@@#+*+
17,17,17| ..::::----=====+++++*****########%%%%%%%%%%%%%%%%%%%%%%%%%%%%%%%%%%%%%%%%%%%%%%%%%%%%%@@@@@@@@@
198,198,198|#%%@@@@@@@@@@@@@@@@@@@@@@@@@@@@@@@@@@@@@@@@@@@@@@@@@@@@@@@@@@@@@@@@@@@@@@@@@@@@@@@@@@@@@@@@@@@@@
255,255,255|@@@@@@@@@@@@@@@@@@@@@@%%%%%%%%%%#############********************#####################%%@@@@@@@@
121,121,121|=======-----:::::::...........                                                         .@@@@#+#@
0,0,0|                                                                                        -%@%=  :
2,2,2|                                                                                          .     
0,0,0|                                                                                                
0,0,0|                                                                                                
0,0,0|                                                                                                
0,0,0|                                                                                                
0,0,0|                                                                                                
0,0,0|                                                                                                
0,0,0|                                                                                                
0,0,0|                                                                                                
0,0,0|                                                                                                
1,1,1|                                                                                                
0,0,0|                                                                                                
6,6,6|                                                                                                
150,150,150|+                                                                                               
255,255,255|