0,0,0|                                                                                                
0,0,0|                                                                                                
0,0,0|                                                                                                
0,0,0|                                                                                                
0,0,0|                                                                                   .            
0,0,0|                                                                                   :.           
0,0,0|                                                                                                
0,0,0|                                                                                                
0,0,0|                                                                                                
0,0,0|                                                                                                
0,0,0|                                                                                                
0,0,0|                                                                                                
0,0,0|                                                                                                
0,0,0|                                                                                                
0,0,0|                                                                        .                       
2,2,2|                                                                       +@#. ..::==.            .
0,0,0|      ....:::::-----======++++++***************************************@@@@@@@@@@@@=...       :@
101,101,101|-+**#%%%@@@@@@@@@@@@@@@@@@@@@@@@@@@@@@@@@@@@@@@@@@@@@@@@@@@@@@@@@@@@@@@@@@@@@@@@@@@@@@@@@@@@@%@@
255,255,255|@@@@@@@@%%%%%#####******+++++++=================================+++++++%@@+%@@@@@@@@@#+=---==#@@
60,60,60|::::.......                                                            -@#. =#@@@@@@@@@%#+=:.+@@
0,0,0|                                                                               :=+#%@@@@@@@@@@@@
1,1,1|                                                                                     .:=*%@@@@@@
0,0,0|                                                                                          .-+#@@
0,0,0|                                                                                              .:
0,0,0|                                                                                                
0,0,0|                                                                                                
0,0,0|                                                                                                
0,0,0|                                                                                                
0,0,0|                                                                                                
0,0,0|                                                                                                
0,0,0|                                                                                                
0,0,0|                                                                                                
0,0,0|                                                                                                
0,0,0|                                                                                                
0,0,0|                                                                                                
1,1,1|                                                                                                
255,255,255|