0,0,0|               ..                                                                               
0,0,0|                         .=#@:                                                                  
0,0,0|            .-+*####**+=#@@@@%                                                                  
0,0,0|      ..  =#@@@@@@@@@@@@@@@@@@#=:                                                               
0,0,0|      =#+%@@@@@@@@@@@@@@@@@@@@@@@#-                                                             
0,0,0|       :@@@@@@@@@@@@@@@@@@@@@@@@@@@%:                                                     .     
0,0,0|      .@@@@@@@@@@@@@@@@@@@@@@@@@@@@@@-                                                    .     
3,3,3|      *@@@@@@@@@@@@@@@@@@@@@@@@@@@@@@@:                                                         
0,0,0|      #@@@@@@@@@@@@@@@@@@@@@@@@@@@@@@@#                                                         
68,68,68|:..:=+@@@@@@@@@@@@@@@@@@@@@@@@@@@@@@@@%                                             :.          
254,254,254|@@@@@@@@@@@@@@@@@@@@@@@@@@@@@@@@@@@@@@*                                             :.          
235,235,235|@@@@@@@@@@@@@@@@@@@@@@@@@@@@@@@@@@@@@@                                                          
68,68,68|:=#@@@@@@@@@@@@@@@@@@@@@@@@@@@@@@@@@@@+                                                         
0,0,0|   .--*@@@@@@@@@@@@@@@@@@@@@@@@@@@@@@@@*                                                        
3,3,3|      #@@@@@@@@@@@@@@@@@@@@@@@@@@@@@@@#+                                                        
0,0,0|      *@@@@@@@@@@@@@@@@@@@@@@@@@@@@@@@:                                                         
0,0,0|     .%@@@@@@@@@@@@@@@@@@@@@@@@@@@@@@@#                                                         
0,0,0|   .=@@@@@@@@@@@@@@@@@@@@@@@@@@@@@@@@@@+                                                        
0,0,0|    *%%@@@@@@@@@@@@@@@@@@@@@@@@@@@@@@@@@=                                                       
0,0,0|    :-+@@@@@@@@@@@@@@@@@@@@@@@@@@@@@@@@@@*.                                                     
0,0,0|      .%@@@@@@@@@@@@@@@@@@@@@@@@@@@@@@@@@@#=.                                                   
0,0,0|       *-.=*%%@@@@@@@@@@@@@@@@*+*%##@@@@+. ::.                                                  
0,0,0|      .**%@@@@@@@@@@@@@@@@@@@@@%%%**=::                                                         
0,0,0|   :+%@@@@@@@@@@@@@@@@@@@@@@@@@@@@@@#                                                           
1,1,1|   #@@@@@@@@@@@@@@@@@@@@@@@@@@@@@@@@%:                                                          
0,0,0|   -@@@@@@@@@@@@@@@@@@@@@@@@@@@@@@@@@@:                                                         
1,1,1|   #@@@@@@@@@@@@@@@@@@@@@@@@@@@@@@@@@@@--.                                                      
1,1,1|  -@@@@@@@@@@@@@@@@@@@@@@@@@@@@@@@@@@@@@@.                                                      
6,6,6| -@@@@@@@@@@@@@@@@@@@@@@@@@@@@@@@@@@@@@@%.                                                      
7,7,7| +@@@@@@@@@@@@@@@@@@@@@@@@@@@@@@@@@@@@@@@@@:                                        .           
0,0,0| +@@@@@@@@@@@@@@@@@@@@@@@@@@@@@@@@@@@@@@@@#                                         .           
103,103,103|=@@@@@@@@@@@@@@@@@@@@@@@@@@@@@@@@@@@@@@@@@%.                                                    
255,255,255|@@@@@@@@@@@@@@@@@@@@@@@@@@@@@@@@@@@@@@@@@@@%.                                                   
89,89,89|-@@@@@@@@@@@@@@@@@@@@@@@@@@@@@@@@@%+@@@@@@@@@:                                                  
142,142,142|+@@@@@@@@@@@@@@@@@@@@@@@@@@@@@@@@@%*@@@@@@@@@@-                                                 
255,255,255|@@@@@@@@@@@@@@@@@@@@@@@@@@@@@@@@@@+%@@@@@@@@@@@-                                                
255,255,255|