0,0,0|                                                                                                
0,0,0|                                                                                                
0,0,0|                                                                                                
0,0,0|                                                                                                
0,0,0|                                                                                                
0,0,0|                                                                                                
0,0,0|                                                                                                
0,0,0|                                          -:   .+@##%@%#*=:                                     
0,0,0|                                       -*@@@+=#@@@@@@@@@@@@%#=.                                 
0,0,0|                                       -@@@@@@@@@@@@@@@@@@@@@@@+                                
0,0,0|                                        =@@@@@@@@@@@@@@@@@@@@@@@#                               
0,0,0|                                       -@@@@@@@@@@@@@@@@@@@@@@@@@#                              
0,0,0|                                      .@@@@@@@@@@@@@@@@@@@@@@@@@@@%=+#+-:.                      
0,0,0|                                      -@@@@@@@@@@@@@@@@@@@@@@@@@@@@@@@@*=:                      
0,0,0|                                      =@@@@@@@@@@@@@@@@@@@@@@@@@@@@@@@@%+.                      
0,0,0|                                      =@@@@@@@@@@@@@@@@@@@@@@@@@@@@@@@#=.                       
3,3,3|                                       .*@@@@@@@@@@@@@@@@@@@@@@@@@%#*#+                         
0,0,0|                                         .-==-#@@@@@@@@@@@@@###++=::.                           
54,54,54|:.  -+.    -                                  #@@@@@@@@@@@@@-.=-                                
255,255,255|@@%%@@@**#@%---::::...                        ..*%@@@@@@@@@@@+=+++++:                           
255,255,255|@@@@@@@@@@@@@@@@@@@@@@@@#**+=-:..--:-#%%#=:       :+*@@@@@@@@@@@@@@@@.                          
83,83,83|-==#@#==#@@%%@@@@@@@@@@@@@@@@@@@@@@@@@@@@@@%*-:::..=#@@@@@@@@@@@@@@@@@=:.                       
0,0,0|   :     -=  .:-=+*#%%%@@@@@@@@@@@@@@@@@@@@@@@@@@@@@@@@@@@@@@@@@@@@@@@@@@%#+:                   
3,3,3|                        .:-=*#%@@@@@@@@@@@@@@@@@@@@@@@@@@@@@@@@@@@@@@@@@@@@@@#                  
0,0,0|                               #%@@@@@@@@@@@@@@@@@@@@@@@@@@@@@@@@@@@@@@@@@@@@@=                 
0,0,0|                                 .+@@@@@@@@@@@@@@@@@@@@@@@@@@@@@@@@@@@@@@@@@@@@#        .       
0,0,0|                                    .......  .+@@@@@@@@@@@@@@@@@@@@@@@@@@@@@@@@@#-  =#*#@*      
0,0,0|                                               .*@@@@@@@@@@@@@@@@@@@@@@@@@@@@@@@@@%*@@@@@@%=    
0,0,0|                                                 -@@@@@@@@@@@@@@@@@@@@@@@%@@%%@@@@@@@@@@@@@@%:  
0,0,0|                                                  .#@@@@@@@@@@@@@@@@@@@@@= . .%@@@@@@@@@@@@@@*  
0,0,0|                                                   -@@@@@@@@@@@@@@@@@@@@@%    #@@@@@@@@@@@@@@@. 
0,0,0|                                                   :@@@@@@@@@@@@@@@@@@@@@@* .:-@@@@@@@@@@@+.*#: 
0,0,0|                                                    %@@@@@@@@@@@@@@@@@@@@@@%@@@@@@@@@@@@#:      
0,0,0|                                                    #@@@@@@@@@@@@@@@@@@@@@@@@@@@@@@#===:        
0,0,0|                                                    %@@@@@@@@@@@@@@@@@@@@@@@@@@@@@+             
0,0,0|                                                    %@@@#+%@@@@@@@@@@@@@@@@@@@@@@%              
255,255,255|