255,255,255|@@@@@@%                                                                   #*                    
255,255,255|@@@@@@@*:                                                                                       
255,255,255|@@@@@@@@:                                                                   .                   
255,255,255|@@@@@@@@:                                                                                       
255,255,255|@@@@@@@- ..  :..                                                                                
255,255,255|@@@@@@%:::.:=+-                                                                                 
255,255,255|@@@@@@%--=**+-=:-:.                                                                             
255,255,255|@@@@@@#=##*+=+#=.::...  ::                                                       .              
255,255,255|@@@@@@%**=:. .----:::-*@@@                                                                      
255,255,255|@@@@@%=-++=+#%@@@@@@@@@@@@#=.                                                                   
255,255,255|@@@%*=:-=*%@@@@@@@@@@@@@@@@@@%+:                                                                
255,255,255|@@@@%@#+#@@@@@@@@@@@@@@@@@@@@@@@*.                                                              
255,255,255|@@@@@@@@@@@@@@@@@@@@@@@@@@@@@@@@@@-                                                             
255,255,255|@@@@@@@@@@@@@@@@@@@@@@@@@@@@@@@@@@@:                                                            
255,255,255|@@@@@@@@@@@@@@@@@@@@@@@@@@@@@@@@@@@#                                                            
255,255,255|@@@@@@@@@@@@@@@@@@@@@@@@@@@@@@@@@@@%                                                            
255,255,255|@@@@@@@@@@@@@@@@@@@@@@@@@@@@@@@@@@@#                                                            
255,255,255|@@@@@@@@@@@@@@@@@@@@@@@@@@@@@@@@@@%.                                    .                       
255,255,255|@@@@@@@@@@@@@@@@@@@@@@@@@@@@@@@@@@@*                                                            
255,255,255|@@@@@@@@@@@@@@@@@@@@@@@@@@@@@@@@@@#-                                        -*:                 
255,255,255|@@@@@@@@@@@@@@@@@@@@@@@@@@@@@@@@@@.                                                             
255,255,255|@@@@@@@@@@@@@@@@@@@@@@@@@@@@@@@@@@.                                                             
255,255,255|@@@@@@@@@@@@@@@@@@@@@@@@@@@@@@@@@@:                                                             
255,255,255|@@@@@@@@@@@@@@@@@@@@@@@@@@@@@@@@@@@.                                                            
255,255,255|@@@@@@@@@@@@@@@@@@@@@@@@@@@@@@@@@@#+                                                            
251,251,251|@@@@@@@@@@@@@@@@@@@@@@@@@@@@@@#@@@ .                                                            
255,255,255|@@@@@%-#@@@@@@@@@@@@@@@@@@@@@@+++*                                                              
104,104,104|=. =@%*@@@@@@@@@@@@@@@@@@@@@@@#+=:                                                              
0,0,0|  -*@@@@@@@@@@@@@@@@@@@@@@@@@@@@#:                                                              
4,4,4|  =@@@@@@@@@@@@@@@@@@@@@@@@@@@@@%:                                                              
3,3,3|  :@@@@@@@@@@@@@@@@@@@@@@@@@@@@@@@.                                                             
2,2,2|  %@@@@@@@@@@@@@@@@@@@@@@@@@@@@@@@+                                                             
0,0,0| -@@@@@@@@@@@@@@@@@@@@@@@@@@@@@@@@%                                                             
129,129,129|+@@@@@@@@@@@@@@@@@@@@@@@@@@@@@@@@@@#+                                                           
197,197,197|#@@@@@@@@@@@@@@@@@@@@@@@@@@@@@@@@@@@.                                                           
255,255,255|@@@@@@@@@@@@@@@@@@@@@@@@@@@@@@@@@@@%                                                            
255,255,255|