0,0,0|                                                                                                
0,0,0|                                                                                                
0,0,0|                                                                                           -    
0,0,0|                                                                                                
0,0,0|                                                                                          :     
0,0,0|                                                                                                
0,0,0|                                                                                                
0,0,0|                                                                                                
0,0,0|                                                                                                
0,0,0|                                                                                                
0,0,0|                                                                                                
0,0,0|                                                                                                
0,0,0|                                                                                                
0,0,0|                                                                                                
0,0,0|                                                                                                
0,0,0|                                                                                                
3,3,3|                                                                                                
0,0,0|                 ........::::::::---------====================================================--
84,84,84|-===+++****#####%%%%%%%%@@@@@@@@@@@@@@@@@@@@@@@@@@@@@@@@@@@@@@@@@@@@@@@@@@@@@@@@@@@@@@@@@@@@@@@@
255,255,255|@@@@@@@@@@@@@@@@@@@@@@@@@@@@@@@@@@@@@@@@@@@@@@@@@@@@@@@@@@@@@@@@@@@@@@@@@@@@@@@@@@@@@@@@@@@@@@@@
255,255,255|@@@@@@@@@@@@@@@@@@@@@@@@@@@@%%%%%%%%%%%%%###############################################%%%%%%%#
139,139,139|++++++=====------:::::::.............                                                           
0,0,0|                                                                                                
2,2,2|                                                                                                
0,0,0|                                                                                                
0,0,0|                                                                                                
0,0,0|                                                                                                
0,0,0|                                                                                                
0,0,0|                                                                                                
0,0,0|                                                                                                
0,0,0|                                                                                                
0,0,0|                                                                                                
0,0,0|                                                                                                
0,0,0|     :+                                                                                         
0,0,0|    .%#                                                                                         
0,0,0|    #@#                                                                                 -:      
255,255,255|