0,0,0|                                                                                                
0,0,0|                                                                                                
0,0,0|                                                                                                
0,0,0|                                                                                                
0,0,0|                                                                                                
0,0,0|                                                                                .               
0,0,0|                                                                                :               
0,0,0|                                                                                                
0,0,0|                                                                                                
0,0,0|                                                                                                
0,0,0|                                                                                                
0,0,0|                                                                                              .:
0,0,0|                                                                                         .:+#@@@
0,0,0|                                                                                      -*%@@@@@@@
0,0,0|                                                                .                  :*@@@@@@@@@@@
1,1,1|                            .................................. *@-:--=**:        .#@@@@@@@@@@@@@
0,0,0|    ..::-===+++***######%%%%%%%@@@@@@@@@@@@@@@@@@@@@@@@@@@@@@@@@@@@@@@@@@*+++====@@@@@@@@@@@@@@@
42,42,42|.=*%%@@@@@@@@@@@@@@@@@@@%%%%%%%%%%%%###########%%%%%%%%%%%%%%%%@@#%@@@@@@@@#####@@@@@@@@@@@@@@@@
132,132,132|+**++===---::::::.........                                   . *@: +%@@@@@@%*=-:%@@@@@@@@@@@@@@@
5,5,5|                                                                .    .-+*%@@@@@@@@@@@@@@@@@@@@@@
1,1,1|                                                                           .-+#@@@@@@@@@@@@@@@@@
0,0,0|                                                                                :=*%@@@@@@@@@@@@
0,0,0|                                                                                     *@@@@@@@@@@
0,0,0|                                                                                    :%@@@@@@@@@@
0,0,0|                                                                                    @@@@@@@@@@@@
0,0,0|                                                                                    +@@@@@@@@@@@
0,0,0|                                                                                     :+%@@@@@@@@
0,0,0|                                                                                         .=@@@@@
0,0,0|                                                                                           @@@@@
0,0,0|                                                                                         .*@@@@@
0,0,0|                                                                                         =@@@@@@
0,0,0|                                                                                          #@@@@@
0,0,0|                                                                                          :@@@@@
0,0,0|                                                           ..                              #@@@@
0,0,0|                                                          :@@%+:                           *@@@@
0,0,0|                                                           -*@@@%+:                        %@@@@
255,255,255|