0,0,0|                                                                                                
0,0,0|                                                                                                
0,0,0|                                                                                                
0,0,0|                                                                                                
0,0,0|                                                                                     :          
0,0,0|                                                                                                
0,0,0|                                                                                                
0,0,0|                                                                                                
0,0,0|                                                                                                
0,0,0|                                                                                                
0,0,0|                                                                                                
0,0,0|                                                                                                
0,0,0|                                                                                                
0,0,0|                                                                                                
0,0,0|                                                                             ..                 
2,2,2|                                                                            +@%-   ...--.       
0,0,0|           ......:::::::-------===========++++++============================@@@%%%%@@@@@@=.     
76,76,76|:-=++**###%%%%%@@@@@@@@@@@@@@@@@@@@@@@@@@@@@@@@@@@@@@@@@@@@@@@@@@@@@@@@@@@@@@@@@@@@@@@@@@@@%%%%%
255,255,255|@@@@@@@@@@@@@@@@@@@@@@@@@%%%%%%%%%%#############################%%%%%%%%%%%%@@@%@@@@@@@@@@@@####
142,142,142|++++====-----:::::::............                                       .... #@@*:*@@@@@@@@@@%*=-
0,0,0|                                                                            .++:  .=+%@@@@@@@@@@
2,2,2|                                                                                       :-=+#%@@@
0,0,0|                                                                                             .:=
0,0,0|                                                                                                
0,0,0|                                                                                                
0,0,0|                                                                                                
0,0,0|                                                                                                
0,0,0|                                                                                                
0,0,0|                                                                                                
0,0,0|                                                                                                
0,0,0|                                                                                                
0,0,0|                                                                                                
0,0,0|                                                                                                
0,0,0|                                                                                                
0,0,0|                                                                                                
0,0,0|                                                                                                
255,255,255|