0,0,0|                                                                                                
0,0,0|                                                                                                
0,0,0|                                                                                                
0,0,0|                                                                                                
0,0,0|                                                                                    :           
0,0,0|                                                                                    .           
0,0,0|                                                                                                
0,0,0|                                                                                                
0,0,0|                                                                                                
0,0,0|                                                                                                
0,0,0|                                                                                                
0,0,0|                                                                                                
0,0,0|                                                                                                
0,0,0|                                                                                                
0,0,0|                                                                          ..                    
3,3,3|                                                                         .@@+   ..:==.          
0,0,0|        .....::::::------=======+++++++++++++++++++++++++++++++++++++++++#@@@%@@@@@@@%=.        
88,88,88|-=+**##%%%%@@@@@@@@@@@@@@@@@@@@@@@@@@@@@@@@@@@@@@@@@@@@@@@@@@@@@@@@@@@@@@@@@@@@@@@@@@@@@@@@@@%%%
255,255,255|@@@@@@@@@@@@@@@%%%%%%%#######***********+++++++++++++******************#*%@@%#@@@@@@@@@@#*++++**
98,98,98|-----::::::........                                                      .@@*.-#@@@@@@@@@%#+-:. 
0,0,0|                                                                          .-.   .-+#%@@@@@@@@@@@
2,2,2|                                                                                      .-=+#%@@@@
0,0,0|                                                                                            .-*%
0,0,0|                                                                                                
0,0,0|                                                                                                
0,0,0|                                                                                                
0,0,0|                                                                                                
0,0,0|                                                                                                
0,0,0|                                                                                                
0,0,0|                                                                                                
0,0,0|                                                                                                
0,0,0|                                                                                                
0,0,0|                                                                                                
0,0,0|                                                                                                
0,0,0|                                                                                                
1,1,1|                                                                                                
255,255,255|