0,0,0|                                                                                                
0,0,0|                                                                                                
0,0,0|                                                                                                
0,0,0|                                                                                                
0,0,0|                                                                                                
0,0,0|                                                                                  :.            
0,0,0|                                                                                                
0,0,0|                                                                                   .            
0,0,0|                                                                                                
0,0,0|                                                                                                
0,0,0|                                                                                                
0,0,0|                                                                                                
0,0,0|                                                                                                
0,0,0|                                                                                                
0,0,0|                                                                      .                      .+%
2,2,2|                                                                     #@= ..::=+:            *@@@
0,0,0|     ....:::----=====+++++********#################################*#@@@@@@@@@@@+:::...   :%@@@@
106,106,106|=+*#%%@@@@@@@@@@@@@@@@@@@@@@@@@@@@@@@@@@@@@@@@@@@@@@@@@@@@@@@@@@@@@@@@@@@@@@@@@@@@@@@@@@@@@@@@@@
241,241,241|@@@@%%%####****++++++=======----------------------------------------=@@#-%@@@@@@@@#+-::::=@@@@@@
35,35,35|....                                                                 =#-  -*%@@@@@@@@%#*=+@@@@@@
0,0,0|                                                                             .:=+*#@@@@@@@@@@@@@
1,1,1|                                                                                    .-+#@@@@@@@@
0,0,0|                                                                                        .:+#%@@@
0,0,0|                                                                                             .=@
0,0,0|                                                                                              .@
0,0,0|                                                                                             .%@
0,0,0|                                                                                             :@@
0,0,0|                                                                                              =%
0,0,0|                                                                                                
0,0,0|                                                                                                
0,0,0|                                                                                                
0,0,0|                                                                                                
0,0,0|                                                                                                
0,0,0|                                                                                                
1,1,1|                                                                                                
1,1,1|                                                                                                
255,255,255|