0,0,0|               :                                                                                
0,0,0|                            :-                                                                  
0,0,0|              :-=+++++=-::+%@@+                                                                 
0,0,0|      ::   :*%@@@@@@@@@@@@@@@@@+:                                                               
0,0,0|      := .*@@@@@@@@@@@@@@@@@@@@@@%+.                                                            
0,0,0|        :%@@@@@@@@@@@@@@@@@@@@@@@@@@*                                                    ..     
0,0,0|       .@@@@@@@@@@@@@@@@@@@@@@@@@@@@@%.                                                         
0,0,0|       *@@@@@@@@@@@@@@@@@@@@@@@@@@@@@@%                                                         
0,0,0|       %@@@@@@@@@@@@@@@@@@@@@@@@@@@@@@@=                                                        
3,3,3|     :-%@@@@@@@@@@@@@@@@@@@@@@@@@@@@@@@*                                           :.           
45,45,45|.%%%@@@@@@@@@@@@@@@@@@@@@@@@@@@@@@@@@@@=                                           :            
12,12,12| #@@@@@@@@@@@@@@@@@@@@@@@@@@@@@@@@@@@@%                                                         
18,18,18| =*%@@@@@@@@@@@@@@@@@@@@@@@@@@@@@@@@@@@-                                                        
0,0,0|    :=**@@@@@@@@@@@@@@@@@@@@@@@@@@@@@@@@=                                                       
1,1,1|       =@@@@@@@@@@@@@@@@@@@@@@@@@@@@@@@%+                                                       
0,0,0|       +@@@@@@@@@@@@@@@@@@@@@@@@@@@@@@@.                                                        
0,0,0|      .%@@@@@@@@@@@@@@@@@@@@@@@@@@@@@@@#                                                        
0,0,0|     -@@@@@@@@@@@@@@@@@@@@@@@@@@@@@@@@@@+                                                       
0,0,0|     #@@@@@@@@@@@@@@@@@@@@@@@@@@@@@@@@@@@*                                                      
0,0,0|     ==#@@@@@@@@@@@@@@@@@@@@@@@@@@@@@@@@@@%=                                                    
0,0,0|       :*@@@@@@@@@@@@@@@@@@@@@@@@@@@@@@@@@@#+-:                                                 
0,0,0|        .%-+%@@@@@@@@@@@@@@@@@%*+#%%#%@@@*.   .                                                 
0,0,0|       .+%#%@@@@@@@@@@@@@@@@@@@%###+=:::.                                                       
0,0,0|    :+#@@@@@@@@@@@@@@@@@@@@@@@@@@@@@@*                                                          
0,0,0|    %@@@@@@@@@@@@@@@@@@@@@@@@@@@@@@@@*                                                          
0,0,0|    -@@@@@@@@@@@@@@@@@@@@@@@@@@@@@@@@@#                                                         
0,0,0|    %@@@@@@@@@@@@@@@@@@@@@@@@@@@@@@@@@@+..                                                     :
1,1,1|   =@@@@@@@@@@@@@@@@@@@@@@@@@@@@@@@@@@@@@%                                                      
3,3,3|  +@@@@@@@@@@@@@@@@@@@@@@@@@@@@@@@@@@@@@@+                                                      
3,3,3|  #@@@@@@@@@@@@@@@@@@@@@@@@@@@@@@@@@@@@@@@#+                                       ..           
1,1,1|  *@@@@@@@@@@@@@@@@@@@@@@@@@@@@@@@@@@@@@@@@=                                       .            
6,6,6| =@@@@@@@@@@@@@@@@@@@@@@@@@@@@@@@@@@@@@@@@@:                                                    
110,110,110|=@@@@@@@@@@@@@@@@@@@@@@@@@@@@@@@@@@@@@@@@@@%.                                                   
29,29,29|.+@@@@@@@@@@@@@@@@@@@@@@@@@@@@@@@@@*@@@@@@@@@:                                                  
0,0,0| #@@@@@@@@@@@@@@@@@@@@@@@@@@@@@@@@@+@@@@@@@@@@-                                                 
109,109,109|=@@@@@@@@@@@@@@@@@@@@@@@@@@@@@@@@@##@@@@@@@@@@@:                                                
255,255,255|