0,0,0|                                                                                                
0,0,0|                                                                                                
0,0,0|                                                                                                
0,0,0|                                                                                                
0,0,0|                                                                                                
0,0,0|                                                                                                
0,0,0|                                                                                                
0,0,0|                                                                                                
0,0,0|                                                                                                
0,0,0|                                                                                                
0,0,0|                                                                                                
0,0,0|                                                                                                
0,0,0|                                                                                                
0,0,0|                                         *%=                                                    
0,0,0|                                      :#*@@@#:                                                  
4,4,4|                                       :@@@@@%:                                                 
0,0,0|                                         +@@@@#                                                 
116,116,116|=.                                        .+@@@=                                                
255,255,255|@@+                                          =%@:                                               
242,242,242|@%=                                            +%:                                              
186,186,186|#                                               .=-.                                            
218,218,218|%                                                  .                                            
255,255,255|@=.                                                                                             
253,253,253|@@:                                                                                             
255,255,255|@*                                                                                              
255,255,255|@-                                                                                              
248,248,248|@.                                                                                              
250,250,250|@.                                                                                              
222,222,222|%.                                                                                              
7,7,7|                                                                                                
0,0,0|                                                                                                
0,0,0|                                                                                                
26,26,26|.                                                                                               
37,37,37|.                                                                                               
0,0,0|                                                                                                
1,1,1|                                                                                                
255,255,255|