0,0,0|                                                                                                
0,0,0|                             :*%=                                                               
0,0,0|                         ..:=@@@@#::.                                                           
0,0,0|                    :+#%@@@@@@@@@@@@@@%*=.                                                      
0,0,0|                  -#@@@@@@@@@@@@@@@@@@@@@@#-                                                    
0,0,0|                 +@@@@@@@@@@@@@@@@@@@@@@@@@@#:                                                  
0,0,0|                =@@@@@@@@@@@@@@@@@@@@@@@@@@@@@-                                                 
0,0,0|                @@@@@@@@@@@@@@@@@@@@@@@@@@@@@@@.                                 .              
0,0,0|               -@@@@@@@@@@@@@@@@@@@@@@@@@@@@@@@*                                                
0,0,0|               -@@@@@@@@@@@@@@@@@@@@@@@@@@@@@@@#                                                
0,0,0|              .=@@@@@@@@@@@@@@@@@@@@@@@@@@@@@@@:                                                
0,0,0|         -=-*%@@@@@@@@@@@@@@@@@@@@@@@@@@@@@@@@@=                                                
0,0,0|         -@@@@@@@@@@@@@@@@@@@@@@@@@@@@@@@@@@@@@@*                                               
0,0,0|          *%@@@@@@@@@@@@@@@@@@@@@@@@@@@@@@@@@@@%*.                :.                            
0,0,0|            .:+*%@@@@@@@@@@@@@@@@@@@@@@@@@@@@@@+                 .%@                            
0,0,0|                +@@@@@@@@@@@@@@@@@@@@@@@@@@@@@@#                   #.                           
0,0,0|                %@@@@@@@@@@@@@@@@@@@@@@@@@@@@@@@.                                               
0,0,0|               :@@@@@@@@@@@@@@@@@@@@@@@@@@@@@@@@@:                                              
0,0,0|               #@@@@@@@@@@@@@@@@@@@@@@@@@@@@@@@@@*.                                             
0,0,0|              :@@@@@@@@@@@@@@@@@@@@@@@@@@@@@@@@@%:.                                             
0,0,0|              @@@@@@@@@@@@@@@@@@@@@@@@@@@@@@@@@@%                                               
0,0,0|             *#+#@@@@%%%#*%@@@@@@@@@@@@@@@@@@@@%%:                                              
0,0,0|            -:   .-**+#%%%@@@@@@@@@@@@@@@@@@@#-  *.                                             
1,1,1|                  +@@@@@@@@@@@@@@@@@@@@@@@@@@@@%+:                                              
0,0,0|                  @@@@@@@@@@@@@@@@@@@@@@@@@@@@@@@-                                              
139,139,139|+                .@@@@@@@@@@@@@@@@@@@@@@@@@@@@@@@+                                              
24,24,24|                 #@@@@@@@@@@@@@@@@@@@@@@@@@@@@@@@@+---===---..                                  
0,0,0|                %@@@@@@@@@@@@@@@@@@@@@@@@@@@@@@@@@@@@@@@@@@@@@%%*=:.                            
1,1,1|               -@@@@@@@@@@@@@@@@@@@@@@@@@@@@@@@@@@@@@@@@@@@@@@@@@@@@%*-.            .           
0,0,0|               *@@@@@@@@@@@@@@@@@@@@@@@@@@@@@@@@@@@@@@@@@@@@@@@@@@@@@@@@#-                      
0,0,0|               =@@@@@@@@@@@@@@@@@@@@@@@@@@@@@@@@@@@@@@@@@@@@@@@@@@@@@@@@@@@+.                   
0,0,0|               %@@@@@@@@@@@@@@@@@@@@@@@@@@@@@@@@@@@@@@@@@@@@@@@@@@@@@@@@@@@@@*.                 
0,0,0|               =%@@@@@@@@@@@@@@@@@@@@@@@@@@@@@@@@@@@@@@@@@@@@@@@@@@@@@@@@@@@@@@*                
0,0,0|                %@@@@@@@@@@@@@@@@@@@@@@@@@@@@@@@@@@@@@@@@@@@@@@@@@@@@@@@@@@@@@@@%-              
0,0,0|              =@@@@@@@@@@@@@@@@@@@@@@@@@@@@@@@@@@@@@@@@@@@@@@@@@@@@@@@@@@@@@@@@@@@+             
0,0,0|            :#@@@@@@@@@@@@@@@@@@@@@@@@@@@@@@@@@@@@@@@@@@@@@@@@@@@@@@@@@@@@@@@@@@@@@*            
255,255,255|