0,0,0|                                                                                                
0,0,0|              :%-                                                                               
4,4,4|              =@@+                                                                   .          
0,0,0|     .......:.*@@@*                                                                             
88,88,88|-+#%@@@@@@@@@@@@@@@#.                                                                           
255,255,255|@@@@@@@@@@@@@@@@@@@@@-                                                                          
252,252,252|@@@@@@@@@@@@@@@@@@@@@@*                                                                         
255,255,255|@@@@@@@@@@@@@@@@@@@@@@@%                                                                        
255,255,255|@@@@@@@@@@@@@@@@@@@@@@@@*                                                                       
255,255,255|@@@@@@@@@@@@@@@@@@@@@@@@@+                                                                      
255,255,255|@@@@@@@@@@@@@@@@@@@@@@@@@@%#+=---=                   :                                          
255,255,255|@@@@@@@@@@@@@@@@@@@@@@@@@@@@@@@@@+                  -@%.                                        
255,255,255|@@@@@@@@@@@@@@@@@@@@@@@@@@@@@@*=:                   :@@#                                        
255,255,255|@@@@@@@@@@@@@@@@@@@@@@@@@@@@@%                       +@*                                        
255,255,255|@@@@@@@@@@@@@@@@@@@@@@@@@@@@@@.                       .                                         
255,255,255|@@@@@@@@@@@@@@@@@@@@@@@@@@@@@+                                                                  
255,255,255|@@@@@@@@@@@@@@@@@@@@@@@@@#%%-                                                                   
255,255,255|@@@@@@@@@@@@@@@@@@@@@@@@@-:                                                                     
255,255,255|@@@@@@@@@@@@@@@@@@@@@@@@@-                                                                      
255,255,255|@@@@@@@@@@@@@@@@@@@@@@@@@=                                                                      
255,255,255|@@@@@@@@@@@@@@@@@@@@@@@@@#                                                                      
255,255,255|@@@@@@@@@@@@@@@@@@@@@@@% ::                                                                     
255,255,255|@@@@@@@@@@@@@@@@@@@@@@@-                                                                        
255,255,255|@@@@@@@@@@@@@@@@@=---+#:                                                                        
255,255,255|@@@@@@@@@@@@@@@@@**+=--:.                                                                       
255,255,255|@@@@@@@@@@@@@@@@@@@@@@@@@@%*+.                                                                  
255,255,255|@@@@@@@@@@@@@@@@@@@@@@@@@@@@@+                                                                  
255,255,255|@@@@@@@@@@@@@@@@@@@@@@@@@@@@@%:                                                                 
255,255,255|@@@@@@@@@@@@@@@@@@@@@@@@@@@@@@@=               :..  ..                                          
255,255,255|@@@@@@@@@@@@@@@@@@@@@@@@@@@@@@@@#++..-==+#%%%%@@@@@%@@@%**#+-. .                                
255,255,255|@@@@@@@@@@@@@@@@@@@@@@@@@@@@@@@@@@@%@@@@@@@@@@@@@@@@@@@@@@@@@@@@%+-.                            
255,255,255|@@@@@@@@@@@@@@@@@@@@@@@@@@@@@@@@@@@@@@@@@@@@@@@@@@@@@@@@@@@@@@@@@@@@@*-                         
255,255,255|@@@@@@@@@@@@@@@@@@@@@@@@@@@@@@@@@@@@@@@@@@@@@@@@@@@@@@@@@@@@@@@@@@@@@@@@#+.                     
255,255,255|@@@@@@@@@@@@@@@@@@@@@@@@@@@@@@@@@@@@@@@@@@@@@@@@@@@@@@@@@@@@@@@@@@@@@@@@@@@*:                   
255,255,255|@@@@@@@@@@@@@@@@@@@@@@@@@@@@@@@@@@@@@@@@@@@@@@@@@@@@@@@@@@@@@@@@@@@@@@@@@@@@@%-                 
255,255,255|@@@@@@@@@@@@@@@@@@@@@@@@@@@@@@@@@@@@@@@@@@@@@@@@@@@@@@@@@@@@@@@@@@@@@@@@@@@@@@@*:               
255,255,255|