0,0,0|                                                                                                
0,0,0|                                                                                                
0,0,0|                                                                                                
0,0,0|                                                                                                
2,2,2|                                                                                                
0,0,0|                                                                                                
45,45,45|.                                                                                               
246,246,246|@=                                                                                              
255,255,255|@@*                                                                                             
254,254,254|@@@#.          .:-:                                                                             
255,255,255|@@@@@%##***++=#@@@@@*                                                                           
255,255,255|@@@@@@@@@@@@@@@@@@@@%.                                                                          
255,255,255|@@@@@@@@@@@@@@@@@@@-                                                                            
255,255,255|@@@@@@@@@@@@@@@@@@@#                         +%:                                                
255,255,255|@@@@@@@@@@@@@@@@@@@@.                        @%                                                 
255,255,255|@@@@@@@@@@@@@@@@@@@.                         -%.                                                
255,255,255|@@@@@@@@@@@@@@@@@@=                           .-                                                
255,255,255|@@@@@@@@@@@@@@@@@@                                                                              
255,255,255|@@@@@@@@@@@@@@@@@%                                                                              
255,255,255|@@@@@@@@@@@@@@@*-:                                                                              
255,255,255|@@@@@@@@@@@@@@@-                                                                                
255,255,255|@@@@@@@@@@@#@@%:                                                                                
255,255,255|@@@@@@@@@@%=@#                                                                                  
255,255,255|@@@@@@@@@@@*+                                                                                   
255,255,255|@@@@@@@@@@@*                                                                                    
255,255,255|@@@@@@@@@@@%                                                                                    
255,255,255|@@@@@@@@@@@@=                                                                                   
255,255,255|@@@@@@@@@@@@@+-                                                                                 
255,255,255|@@@@@@@@@@@@@*                                                                                  
255,255,255|@@@@@@@@@@*%@@+                                                                                 
255,255,255|@@@@@@@@@@+ .-##.                                                                               
255,255,255|@@@@@@@@@@@:   --.                                                                              
255,255,255|@@@@@@@%#==#.                                                                                   
255,255,255|@@@@@@@+ .  .                                                                                   
255,255,255|@@@@@@@@                                                                                        
250,250,250|@@%@+=#%=                                                                                       
255,255,255|