0,0,0|                                                                                                
0,0,0|             -*                                                                                 
3,3,3|             +@%:                                                                               
0,0,0|             *@@@=                                                                    .         
60,60,60|:-+*######%%%@@@@@*                                                                             
255,255,255|@@@@@@@@@@@@@@@@@@@#.                                                                           
254,254,254|@@@@@@@@@@@@@@@@@@@@@+                                                                          
255,255,255|@@@@@@@@@@@@@@@@@@@@@@#                                                                         
255,255,255|@@@@@@@@@@@@@@@@@@@@@@@#                                                                        
255,255,255|@@@@@@@@@@@@@@@@@@@@@@@@+                                                                       
255,255,255|@@@@@@@@@@@@@@@@@@@@@@@@@#=:.  .                                                                
255,255,255|@@@@@@@@@@@@@@@@@@@@@@@@@@@@@@%@@=                 -%+                                          
255,255,255|@@@@@@@@@@@@@@@@@@@@@@@@@@@@@@@@=                  =@@+                                         
255,255,255|@@@@@@@@@@@@@@@@@@@@@@@@@@@@@*+-                    #@#                                         
255,255,255|@@@@@@@@@@@@@@@@@@@@@@@@@@@@@+                       -:                                         
255,255,255|@@@@@@@@@@@@@@@@@@@@@@@@@@@@@:                                                                  
255,255,255|@@@@@@@@@@@@@@@@@@@@@@@@@%@@+                                                                   
255,255,255|@@@@@@@@@@@@@@@@@@@@@@@@%+=.                                                                    
255,255,255|@@@@@@@@@@@@@@@@@@@@@@@@#                                                                       
255,255,255|@@@@@@@@@@@@@@@@@@@@@@@@%                                                                       
255,255,255|@@@@@@@@@@@@@@@@@@@@@@@@@.                                                                      
255,255,255|@@@@@@@@@@@@@@@@@@@@@@@#=+                                                                      
255,255,255|@@@@@@@@@@@@@@@@@@@@@@%:                                                                        
255,255,255|@@@@@@@@@@@@@@@@%#@@@#                                                                          
255,255,255|@@@@@@@@@@@@@@@@=::-*-                                                                          
255,255,255|@@@@@@@@@@@@@@@@@@@@%%%#+=:.                                                                    
255,255,255|@@@@@@@@@@@@@@@@@@@@@@@@@@@@%.                                                                  
255,255,255|@@@@@@@@@@@@@@@@@@@@@@@@@@@@@:         :-=+*##%%@%%%#%#*+=-:                                    
255,255,255|@@@@@@@@@@@@@@@@@@@@@@@@@@@@@@-   :=*#@@@@@@@@@@@@@@@@@@@@@@@%*+-                               
255,255,255|@@@@@@@@@@@@@@@@@@@@@@@@@@@@@@@*+%@@@@@@@@@@@@@@@@@@@@@@@@@@@@@@@@#=:                           
255,255,255|@@@@@@@@@@@@@@@@@@@@@@@@@@@@@@@@@@@@@@@@@@@@@@@@@@@@@@@@@@@@@@@@@@@@@%+:                        
255,255,255|@@@@@@@@@@@@@@@@@@@@@@@@@@@@@@@@@@@@@@@@@@@@@@@@@@@@@@@@@@@@@@@@@@@@@@@@%=                      
255,255,255|@@@@@@@@@@@@@@@@@@@@@@@@@@@@@@@@@@@@@@@@@@@@@@@@@@@@@@@@@@@@@@@@@@@@@@@@@@%=                    
255,255,255|@@@@@@@@@@@@@@@@@@@@@@@@@@@@@@@@@@@@@@@@@@@@@@@@@@@@@@@@@@@@@@@@@@@@@@@@@@@@@+                  
255,255,255|@@@@@@@@@@@@@@@@@@@@@@@@@@@@@@@@@@@@@@@@@@@@@@@@@@@@@@@@@@@@@@@@@@@@@@@@@@@@@@%:                
255,255,255|@@@@@@@@@@@@@@@@@@@@@@@@@@@@@@@@@@@@@@@@@@@@@@@@@@@@@@@@@@@@@@@@@@@@@@@@@@@@@@@@+               
255,255,255|