0,0,0|           .         -%@@*                                                                      
0,0,0|                   .*@@@@@+                                                                     
0,0,0|             .-=++*@@@@@@@@=.                                                                   
0,0,0|          .*%@@@@@@@@@@@@@@@@@#+:                                                               
0,0,0|         +@@@@@@@@@@@@@@@@@@@@@@@%+                                                             
0,0,0|        *@@@@@@@@@@@@@@@@@@@@@@@@@@@=                                                           
0,0,0|       =@@@@@@@@@@@@@@@@@@@@@@@@@@@@@+                                                          
0,0,0|      .@@@@@@@@@@@@@@@@@@@@@@@@@@@@@@@=                          :                              
4,4,4|      :@@@@@@@@@@@@@@@@@@@@@@@@@@@@@@@%                                                         
0,0,0|    .:=@@@@@@@@@@@@@@@@@@@@@@@@@@@@@@@@                                                         
158,158,158|*+*%@@@@@@@@@@@@@@@@@@@@@@@@@@@@@@@@@@#                                                       .=
203,203,203|#@@@@@@@@@@@@@@@@@@@@@@@@@@@@@@@@@@@@@                                             :.           
73,73,73|:#@@@@@@@@@@@@@@@@@@@@@@@@@@@@@@@@@@@@+                                                         
0,0,0|   :=#%@@@@@@@@@@@@@@@@@@@@@@@@@@@@@@@%.                                                        
0,0,0|      +@@@@@@@@@@@@@@@@@@@@@@@@@@@@@@%                                                          
0,0,0|     :@@@@@@@@@@@@@@@@@@@@@@@@@@@@@@@%          .                                               
0,0,0|    .@@@@@@@@@@@@@@@@@@@@@@@@@@@@@@@@@.                                                         
2,2,2|   :@@@@@@@@@@@@@@@@@@@@@@@@@@@@@@@@@@%.                                                        
0,0,0|  -@@@@@@@@@@@@@@@@@@@@@@@@@@@@@@@@@@@@#.                                                       
50,50,50|.#@@@@@@@@@@@@@@@@@@@@@@@@@@@@@@@@@@@@#-.                                                       
141,141,141|+==%@@@@@@@%%%@@@@@@@@@@@@@@@@@@@@@@@%:                                                         
0,0,0|    -**=:    :-*@@@@@@@@@@@@@@@@@@@@@*          ::                                              
2,2,2|         :=#%@@@@@@@@@@@@@@@@@@@@@@@@%-         .                                               
0,0,0|     .+#@@@@@@@@@@@@@@@@@@@@@@@@@@@@@@@:                                                        
0,0,0|     %@@@@@@@@@@@@@@@@@@@@@@@@@@@@@@@@@=                                                        
0,0,0|     -@@@@@@@@@@@@@@@@@@@@@@@@@@@@@@@@@@=                                                       
0,0,0|     #@@@@@@@@@@@@@@@@@@@@@@@@@@@@@@@@@@@::.                                                    
0,0,0|    -@@@@@@@@@@@@@@@@@@@@@@@@@@@@@@@@@@@@@@-                                                    
1,1,1|   -@@@@@@@@@@@@@@@@@@@@@@@@@@@@@@@@@@@@@@%                                                     
1,1,1|   *@@@@@@@@@@@@@@@@@@@@@@@@@@@@@@@@@@@@@@@#+:                                                  
0,0,0|   =@@@@@@@@@@@@@@@@@@@@@@@@@@@@@@@@@@@@@@@@@:                                             ..   
2,2,2|  :@@@@@@@@@@@@@@@@@@@@@@@@@@@@@@@@@@@@@@@@@#                                                   
1,1,1|  @@@@@@@@@@@@@@@@@@@@@@@@@@@@@@@@@@@@@@@@@@@*                                                  
0,0,0|  .%@@@@@@@@%@@@@@@@@@@@@@@@@@@@@@@@@@@@@@@@@@*                                                 
3,3,3|  .@@@@@@@@# *@@@@@@@@@@@@@@@@@@@@@@@@@@@@@@@@@*                                                
3,3,3|  *@@@@@@@@# =@@@@@@@@@@@@@@@@@@@@@@@@@@@@@@@@@@+                                               
255,255,255|