0,0,0|                                                                                                
0,0,0|                                                                                                
0,0,0|                                                                                                
0,0,0|                                                                                                
0,0,0|                                                                                                
0,0,0|                                                                                                
0,0,0|                                                                                                
0,0,0|                                                                                                
0,0,0|                                                                                                
0,0,0|                                                                                                
0,0,0|                                                                                                
0,0,0|                                                                                                
0,0,0|                                           :                                                    
0,0,0|                                       :: +@%-                                                  
0,0,0|                                       -@%@@@@+                                                 
1,1,1|                                        =@@@@@@-                                                
0,0,0| .+#%%*:                                 :%@@@@%                                                
198,198,198|#@@@@@@@*                                  +@@@@:                                               
255,255,255|@@@@@@@@%                                   .+@@#                                               
252,252,252|@@@@@@%:                                      .+@+                                              
255,255,255|@@@@@@@                                         .+=                                             
255,255,255|@@@@@@@-                                          .                                             
255,255,255|@@@@@@@@:                                                                                       
255,255,255|@@@@@@@*                                                                                        
255,255,255|@@@@@@@.                                                                                        
255,255,255|@@@@@@%                                                                                         
255,255,255|@@@@@@#                                                                                         
255,255,255|@@@@%@#                                                                                         
255,255,255|@@@@. .                                                                                         
255,255,255|@@@%                                                                                            
253,253,253|@@@#.                                                                                           
190,190,190|#@=.=.                                                                                          
216,216,216|%-   :.                                                                                         
49,49,49|.                                                                                               
0,0,0|                                                                                                
2,2,2|                                                                                                
255,255,255|