0,0,0|                                                                                                
0,0,0|                        :.                                                                      
0,0,0|                        %%.     .                                                               
0,0,0|         .             .@@%.                                                                    
0,0,0|          .:=++***#####%@@@%.                                              ..                   
0,0,0|      .-*%@@@@@@@@@@@@@@@@@@%.                                                                  
2,2,2|   .=#@@@@@@@@@@@@@@@@@@@@@@@%:                                                                 
0,0,0| .*@@@@@@@@@@@@@@@@@@@@@@@@@@@@:                                                                
47,47,47|.@@@@@@@@@@@@@@@@@@@@@@@@@@@@@@%                                                                
206,206,206|%@@@@@@@@@@@@@@@@@@@@@@@@@@@@@@@*                                                               
255,255,255|@@@@@@@@@@@@@@@@@@@@@@@@@@@@@@@@@*-.                                                            
251,251,251|@@@@@@@@@@@@@@@@@@@@@@@@@@@@@@@@@@@@@%@%.                                                       
185,185,185|#@@@@@@@@@@@@@@@@@@@@@@@@@@@@@@@@@@@@@@-                                                        
41,41,41|.%@@@@@@@@@@@@@@@@@@@@@@@@@@@@@@@@@@:=.                                                         
0,0,0| .*@@@@@@@@@@@@@@@@@@@@@@@@@@@@@@@@@                             .                              
5,5,5|  =@@@@@@@@@@@@@@@@@@@@@@@@@@@@@@@@-                             #@*.                           
0,0,0| -@@@@@@@@@@@@@@@@@@@@@@@@@@@@@**+                               .%@=                           
2,2,2| =@@@@@@@@@@@@@@@@@@@@@@@@@@@@@:                                   .                            
0,0,0| .@@@@@@@@@@@@@@@@@@@@@@@@@@@@@.                                                                
18,18,18| %@@@@@@@@@@@@@@@@@@@@@@@@@@@@@-                                                                
188,188,188|#@@@@@@@@@@@@@@@@@@@@@@@@@@@@+ -                                                                
255,255,255|@@@@@@@@@@@@@@@@@@@@@@@%@@@%-                                                                   
250,250,250|@@@@@@@@@@@@@@@@@@@@@@@*++*:                                 ..                                 
255,255,255|@@@@@@#%@%@@@@@@@@@@@@@@@@@@@@%*+-                                                              
83,83,83|-=:*+*#@@@@@@@@@@@@@@@@@@@@@@@@@@@:                                                             
0,0,0|  =%@@@@@@@@@@@@@@@@@@@@@@@@@@@@@@#.         .:---===--::.                                      
3,3,3| .@@@@@@@@@@@@@@@@@@@@@@@@@@@@@@@@@%.  .:=*%@@@@@@@@@@@@@@@%*=:.                                
2,2,2|  #@@@@@@@@@@@@@@@@@@@@@@@@@@@@@@@@@@+#@@@@@@@@@@@@@@@@@@@@@@@@@#+:                             
4,4,4|  *@@@@@@@@@@@@@@@@@@@@@@@@@@@@@@@@@@@@@@@@@@@@@@@@@@@@@@@@@@@@@@@@%+:                          
0,0,0| -@@@@@@@@@@@@@@@@@@@@@@@@@@@@@@@@@@@@@@@@@@@@@@@@@@@@@@@@@@@@@@@@@@@@#-                        
89,89,89|-%@@@@@@@@@@@@@@@@@@@@@@@@@@@@@@@@@@@@@@@@@@@@@@@@@@@@@@@@@@@@@@@@@@@@@@#-                      
29,29,29|.%@@@@@@@@@@@@@@@@@@@@@@@@@@@@@@@@@@@@@@@@@@@@@@@@@@@@@@@@@@@@@@@@@@@@@@@@*.                    
34,34,34|.@@@@@@@@@@@@@@@@@@@@@@@@@@@@@@@@@@@@@@@@@@@@@@@@@@@@@@@@@@@@@@@@@@@@@@@@@@@-              .    
234,234,234|@@@@@@@@@@@@@@@@@@@@@@@@@@@@@@@@@@@@@@@@@@@@@@@@@@@@@@@@@@@@@@@@@@@@@@@@@@@@@+                  
199,199,199|#@@@@@@@@@@@@@@@@@@@@@@@@@@@@@@@@@@%@@@@@@@@@@@@@@@@@@@@@@@@@@@@@@@@@@@@@@@@@@+                 
37,37,37|.@@@@@@@@@@@@@@@@@@@@@@@@@@@@@@@@@@*%@@@@@@@@@@@@@@@@@@@@@@@@@@@@@@@@@@@@@@@@@@=                
255,255,255|