0,0,0|                                                                                 :.             
0,0,0|                         -                                                                  .   
0,0,0|                         @#.                                                                    
0,0,0|               .:::---=-=@@%:                                                                   
0,0,0|          .-+#@@@@@@@@@@@@@@@=                                                                  
0,0,0|       :+#@@@@@@@@@@@@@@@@@@@@%-                                                                
0,0,0|    .+%@@@@@@@@@@@@@@@@@@@@@@@@@+                                                               
1,1,1|   +@@@@@@@@@@@@@@@@@@@@@@@@@@@@@-                   .                                          
2,2,2|  +@@@@@@@@@@@@@@@@@@@@@@@@@@@@@@@.                                                             
0,0,0| :@@@@@@@@@@@@@@@@@@@@@@@@@@@@@@@@%=:  .                                                        
0,0,0| -@@@@@@@@@@@@@@@@@@@@@@@@@@@@@@@@@@@@@@%*                                                      
0,0,0| :@@@@@@@@@@@@@@@@@@@@@@@@@@@@@@@@@@@@%%@*                                                      
1,1,1|  %@@@@@@@@@@@@@@@@@@@@@@@@@@@@@@@@@@@= :                                                       
3,3,3|  .@@@@@@@@@@@@@@@@@@@@@@@@@@@@@@@@@@@*                   .#*                                   
0,0,0| .:=%@@@@@@@@@@@@@@@@@@@@@@@@@@@@@@@@%.                   %@@.                                  
0,0,0|  ::.@@@@@@@@@@@@@@@@@@@@@@@@@@@@@@#+                     **-                                   
0,0,0|    *@@@@@@@@@@@@@@@@@@@@@@@@@@@@%.                                                             
0,0,0|   =@@@@@@@@@@@@@@@@@@@@@@@@@@@@@%                                                              
0,0,0|   :=*@@@@@@@@@@@@@@@@@@@@@@@@@@@@                                                              
0,0,0|      %@@@@@@@@@@@@@@@@@@@@@@@@@#=:                                                             
0,0,0|      *@@@@@@@@@@@@@@@@@@@@@@@@@-                                                               
0,0,0|      *@@@@@@@@@@@@@@@@@@@*=++=:.                                                               
0,0,0|     .@@@@@@@@@@@@@@@@@@@@+-:.                                                                  
0,0,0|     :*@@@@@@@@@@@@@@@@@@@@@@@@%#*+--.                                                       .  
0,0,0|    :=%@@@@@@@@@@@@@@@@@@@@@@@@@@@@@@@=      .:--======-::.                                  .  
0,0,0|   -@@@@@@@@@@@@@@@@@@@@@@@@@@@@@@@@@@=.-+*%@@@@@@@@@@@@@@@@%*=-.                               
0,0,0|    *@@@@@@@@@@@@@@@@@@@@@@@@@@@@@@@@@@@@@@@@@@@@@@@@@@@@@@@@@@@@%+-                            
0,0,0|   :@@@@@@@@@@@@@@@@@@@@@@@@@@@@@@@@@@@@@@@@@@@@@@@@@@@@@@@@@@@@@@@@@*-                         
0,0,0|   #@@@@@@@@@@@@@@@@@@@@@@@@@@@@@@@@@@@@@@@@@@@@@@@@@@@@@@@@@@@@@@@@@@@%=                       
1,1,1|  #@@@@@@@@@@@@@@@@@@@@@@@@@@@@@@@@@@@@@@@@@@@@@@@@@@@@@@@@@@@@@@@@@@@@@@@+                     
2,2,2| =@@@@@@@@@@@@@@@@@@@@@@@@@@@@@@@@@@@@@@@@@@@@@@@@@@@@@@@@@@@@@@@@@@@@@@@@@%-                   
0,0,0| .@@@@@@@@@@@@@@@@@@@@@@@@@@@@@@@@@@@@@@@@@@@@@@@@@@@@@@@@@@@@@@@@@@@@@@@@@@@*                  
8,8,8| *@@@@@@@@@@@@@@@@@@@@@@@@@@@@@@@@@@@@@@@@@@@@@@@@@@@@@@@@@@@@@@@@@@@@@@@@@@@@%:                
210,210,210|%@@@@@@@@@@@@@@@@@@@@@@@@@@@@@@@@@@@@@@@@@@@@@@@@@@@@@@@@@@@@@@@@@@@@@@@@@@@@@@@:               
156,156,156|*@@@@@@@@@@@@@@@@@@@@@@@@@@@@@@@@@@*@@@@@@@@@@@@@@@@@@@@@@@@@@@@@@@@@@@@@@@@@@@@@:              
35,35,35|.@@@@@@@@@@@@@@@@@@@@@@@@@@@@@@@@@%=@@@@@@@@@@@@@@@@@@@@@@@@@@@@@@@@@@@@@@@@@@@@@#              
255,255,255|