0,0,0|        .                                                                                       
0,0,0|                               .                                                                
0,0,0|                               =%:                                                              
0,0,0|                               -@@=                                                             
0,0,0|                      .:-=+*%%@@@@@#.                                                           
0,0,0|                  .-*%@@@@@@@@@@@@@@@*:                                                         
0,0,0|               :=#@@@@@@@@@@@@@@@@@@@@@=                                                        
0,0,0|             -#@@@@@@@@@@@@@@@@@@@@@@@@@=                                          .            
0,0,0|           :%@@@@@@@@@@@@@@@@@@@@@@@@@@@@:                                                      
2,2,2|          .@@@@@@@@@@@@@@@@@@@@@@@@@@@@@@@+:  .:                                                
0,0,0|          +@@@@@@@@@@@@@@@@@@@@@@@@@@@@@@@@@@@@@%=                                              
65,65,65|:         *@@@@@@@@@@@@@@@@@@@@@@@@@@@@@@@@@@@@@@=                                              
31,31,31|.         =@@@@@@@@@@@@@@@@@@@@@@@@@@@@@@@@@@@*%+                                               
0,0,0|           %@@@@@@@@@@@@@@@@@@@@@@@@@@@@@@@@@@:                .                                
1,1,1|           .%@@@@@@@@@@@@@@@@@@@@@@@@@@@@@@@@*                 -=:                              
0,0,0|             =@@@@@@@@@@@@@@@@@@@@@@@@@@@@%#+                    .                              
0,0,0|              %@@@@@@@@@@@@@@@@@@@@@@@@@@%.                                                     
0,0,0|             =@@@@@@@@@@@@@@@@@@@@@@@@@@@%                                                      
0,0,0|             *#@@@@@@@@@@@@@@@@@@@@@@@@@@@:                                                     
0,0,0|              -@@@@@@@@@@@@@@@@@@@@@@@@@@::                                                     
0,0,0|              *@@@@@@@@@@@@@@@@@@@@@@@@@:                                                       
0,0,0|              %@@@@@@@@@@@@@@@@@@@*=++=.                                                        
0,0,0|             .@@@@@@@@@@@@@@@@@@@@#==-:..                                                       
0,0,0|             =@@@@@@@@@@@@@@@@@@@@@@@@@@@%#*=                                                   
0,0,0|             #@@@@@@@@@@@@@@@@@@@@@@@@@@@@@@*                                                   
0,0,0|            .@@@@@@@@@@@@@@@@@@@@@@@@@@@@@@@@= :-+*#%%@@@@@@%%#*+-.                             
0,0,0|           -#@@@@@@@@@@@@@@@@@@@@@@@@@@@@@@@@@@@@@@@@@@@@@@@@@@@@@@@#+:                         
0,0,0|           %@@@@@@@@@@@@@@@@@@@@@@@@@@@@@@@@@@@@@@@@@@@@@@@@@@@@@@@@@@@@#-                      
0,0,0|            =+#@@@@@@@@@@@@@@@@@@@@@@@@@@@@@@@@@@@@@@@@@@@@@@@@@@@@@@@@@@@@+:                   
0,0,0|              #@@@@@@@@@@@@@@@@@@@@@@@@@@@@@@@@@@@@@@@@@@@@@@@@@@@@@@@@@@@@@@*:                 
0,0,0|             .%@@@@@@@@@@@@@@@@@@@@@@@@@@@@@@@@@@@@@@@@@@@@@@@@@@@@@@@@@@@@@@@@*.               
0,0,0|              %@@@@@@@@@@@@@@@@@@@@@@@@@@@@@@@@@@@@@@@@@@@@@@@@@@@@@@@@@@@@@@@@@@-              
0,0,0|             :@@@@@@@@@@@@@@@@@@@@@@@@@@@@@@@@@@@@@@@@@@@@@@@@@@@@@@@@@@@@@@@@@@@@*             
0,0,0|             .#@@@@@@@@@@@@@@@@@@@@@@@@@@@@@@@@@@@@@@@@@@@@@@@@@@@@@@@@@@@@@@@@@@@@#            
0,0,0|              :@@@@@@@@@@@@@@@@@@@@@@@@@@@@@@@@@@@@@@@@@@@@@@@@@@@@@@@@@@@@@@@@@@@@@*           
0,0,0|             :%@@@@@@@@@@@@@@@@@@@@@@@@@@@@@@@@@@@@@@@@@@@@@@@@@@@@@@@@@@@@@@@@@%*=:            
255,255,255|