0,0,0|                   -@@@@@=                .-*@@@@@@@@@@@@@@@*                                   
0,0,0|                    +@@@@%             :=#@@@@@@@@@@@@@@@@@@@%:                                 
0,0,0|                    :@@@@:          :+%@@@@@@@@@@@@@@@@@@@@@@#-                                 
0,0,0|                    +@@@-         -%@@@@@@@@@@@@@@@@@@@@@@@@@                                   
0,0,0|                    *@@#        .#@@@@@@@@@@@@@@@@@@@@@@@@@@@.                                  
0,0,0|                    -@@*       .@@@@@@@@@@@@@@@@@@@@@@@@@@@@@.                                  
0,0,0|                     +@@.      :@@@@@@@@@@@@@@@@@@@@@@@@@@@@@.                                  
0,0,0|                      -%%-.    -@@@@@@@@@@@@@@@@@@@@@@@@@@@@+                                   
0,0,0|                        :=-:  -@@@@@@@@@@@@@@@@@@@@@@@@@@#::                                    
0,0,0|                             :@@@@@@@@@@@@@@@@@@@@@@@@@@@=                               .:=+*%@
0,0,0|                             :*---=*#*#@@@@@@@@@@@@@@@@@@.                      .:-=+*#%@@@@@@@@
0,0,0|                                        :--=*%@@@@@@@@@@@.              .:-+*#%@@@@@@@@@@@@@@@@@
0,0,0|                                               .=@@@@@@#:     .::-=+*#%@@@@@@@@@@@@@@@@@@@@@@@@@
2,2,2|                                                +@@@@@@++*#%%@@@@@@@@@@@@@@@@@@@@@@@@@@@@@@@@@@@
0,0,0|                           ....::--===++**##%%@@@@@@@@@@@@@@@@@@@@@@@@@@@@@@@@@@@@@@@@@@@@@@@@@@
35,35,35|...:::----===++****###%%%@@@@@@@@@@@@@@@@@@@@@@@@@@@@@@@@@@@@@@@@@@@@@@@@@@@@@@@@@@@@@@@@@@@@@@@
251,251,251|@@@@@@@@@@@@@@@@@@@@@@@@@@@@@@@@@@@@@@@@@@@@@@@@@@@@@@@@@@@@@@@@@@@@@@@@@@@@@@@@@@@@@@@@@@@@@@@@
255,255,255|@@@@@@@@@@@@@@@@@@@@@@@@@@@@@@@@@@@@@@@@@@@@@@@@@@@@@@@@@@@@@@@@@@@@@@@@@@@@@@@@@@@@@@@@@@@@@@@@
254,254,254|@@@@@@@@@@@@@@@@@@@@@@@@@@@@@@@@@@@@@@@@@@@@@@@@@@@@@@@@@@@@@@@@@@@@@@@@@@@@@@@@@@@@@@@@@@@@@@@@
255,255,255|@@@@@@@@@@@@@@@@@@@@@@@@@@@@@@@@@@@@@@@@@@@@@@@@@@@@@@@@@@@@@@@@@@@@@@@@@@@@@@@@@@@@@@@@@@@@@@@@
255,255,255|@@@@@@@@@@@@@@@@@@@@@@@@@@@@@@@@@@@@@@@@@@@@@@@@@@@@@@@@@@@@@@@@@@@@@@@@@@@@@@@@@@@@@@@@@@@@@@@+
255,255,255|@@@@@@@@@@@@@@@@@@@@@@@@@@@@@@@@@@@@@@@@@@@@@@@@@@@@@@@@@@@@@@@@@@@@@@@@@@@@@@@@@@@@@@@@@@@@@#: 
255,255,255|@@@@@@@@@@@@@@@@@@@@@@@@@@@@@@@@@@@@@@@@@@@@@@@@@@@@@@@@@@@@@@@@@@@@@@@@@@@@@@@@@@@@@@@@@@@@=   
255,255,255|@@@@@@@@@@@@@@@@@@@@@@@@@@@@@@@@@@@@@@@@@@@@@@@@@@@@@@@@@@@@@@@@@@@@@@@@@@@@@@@@@@@@@@@@@@+     
255,255,255|@@@@@@@@@@@@@@@@@@@@@@@@@@@@@@@@@@@@@@@@@@@@@@@@@@@@@@@@@@@@@@@@@@@@@@@@@@@@@@@@@@@@@@@@*.      
255,255,255|@@@@@@@@@@@@@@@@@@@@@@@@@@@@@@@@@@@@@@@@@@@@@@@@@@@@@@@@@@@@@@@@@@@@@@@@@@@@@@@@@@@@@#+:        
255,255,255|@@@@@@@@@@@@@@@@@@@@@@@@@@@@@@@@@@@@@@@@@@@@@@@@@@@@@@@@@@@@@@@@@@@@@@@@@@@@@@@@@%*-            
255,255,255|@@@@@@@@@@@@@@@@@@@@@@@@@@@@@@@@@@@@@@@@@@@@@@@@@@@@@@@@@@@@@@@@@@@@@@@@@@@@@#+-:               
252,252,252|@@@@@@@@@@@@@@@@@@@@@@@@@@@@@@@@@@@@@@@@@@@@@@@@@@@@@@@@@@@@@@@@@@@@@@@@@@#=.                   
255,255,255|@@@@@@@@@@@@@@@@@@@@@@@@@@@@@@@@@@@@@@@@@@@@@@@@@@@@@@@@@@@@@@@@@@@@@@@%+:                      
90,90,90|-+#%@@@@@@@@@@@@@@@@@@@@@@@@@@@@@@@@@@@@@@@@@@@@@@@@@@@@@@@@@@@@@@@@#+:                         
0,0,0|    .:=+#%@@@@@@@@@@@@@@@@@@@@@@@@@@@@@@@@@@@@@@@@@@@@@@@@@@@%#*=-.                             
4,4,4|           .-=+#%@@@@@@@@@@@@@@@@@@@@@@@@@@@@@@@%%%##*+==-:.                                    
0,0,0|                  ..:-=++**####***++====-:::...                                                 
0,0,0|                                                                                                
0,0,0|                                                                                                
255,255,255|