0,0,0|                               .-                                                               
0,0,0|                              +@@#.                                                             
0,0,0|                       .:-=++%@@@@@++=-:                                                        
0,0,0|                    :*%@@@@@@@@@@@@@@@@@@#=.                                                    
0,0,0|                  .#@@@@@@@@@@@@@@@@@@@@@@@@*.                                                  
0,0,0|                 .@@@@@@@@@@@@@@@@@@@@@@@@@@@@-                                                 
0,0,0|                 %@@@@@@@@@@@@@@@@@@@@@@@@@@@@@=                                                
0,0,0|                =@@@@@@@@@@@@@@@@@@@@@@@@@@@@@@@.                                               
0,0,0|                #@@@@@@@@@@@@@@@@@@@@@@@@@@@@@@@+                                               
0,0,0|                *@@@@@@@@@@@@@@@@@@@@@@@@@@@@@@@+                                               
0,0,0|              :=%@@@@@@@@@@@@@@@@@@@@@@@@@@@@@@@                                                
0,0,0|          *##@@@@@@@@@@@@@@@@@@@@@@@@@@@@@@@@@@@*                                               
0,0,0|          =@@@@@@@@@@@@@@@@@@@@@@@@@@@@@@@@@@@@@@%.                                             
0,0,0|          .=*%@@@@@@@@@@@@@@@@@@@@@@@@@@@@@@@@@@#=               .%+                            
0,0,0|              .-=%@@@@@@@@@@@@@@@@@@@@@@@@@@@@@@=                 =@.                           
0,0,0|                 @@@@@@@@@@@@@@@@@@@@@@@@@@@@@@@*                  -                            
0,0,0|                =@@@@@@@@@@@@@@@@@@@@@@@@@@@@@@@@.                                              
0,0,0|                %@@@@@@@@@@@@@@@@@@@@@@@@@@@@@@@@@-                                             
0,0,0|               =@@@@@@@@@@@@@@@@@@@@@@@@@@@@@@@@@@+.                                            
0,0,0|               @@@@@@@@@@@@@@@@@@@@@@@@@@@@@@@@@@*                                              
0,0,0|              #@@@@@@@@@@@@@@@@@@@@@@@@@@@@@@@@@@=                                              
0,0,0|             +*-=#@@@####*#@@@@@@@@@@@@@@@@@@@%**#                                              
0,0,0|            .:    .-**#%@@@@@@@@@@@@@@@@@@@@@%+: -=                                             
2,2,2|                  :@@@@@@@@@@@@@@@@@@@@@@@@@@@@@%*.                                             
0,0,0|                  :@@@@@@@@@@@@@@@@@@@@@@@@@@@@@@@.                                             
66,66,66|:=.               +@@@@@@@@@@@@@@@@@@@@@@@@@@@@@@@=                                             
64,64,64|:-              .=@@@@@@@@@@@@@@@@@@@@@@@@@@@@@@@@@:                                            
0,0,0|                *@@@@@@@@@@@@@@@@@@@@@@@@@@@@@@@@@@%=+*++=+=-:..                                
2,2,2|               :%@@@@@@@@@@@@@@@@@@@@@@@@@@@@@@@@@@@@@@@@@@@@@@@%#=-:               .           
0,0,0|               .@@@@@@@@@@@@@@@@@@@@@@@@@@@@@@@@@@@@@@@@@@@@@@@@@@@@@%*=:                       
0,0,0|               :@@@@@@@@@@@@@@@@@@@@@@@@@@@@@@@@@@@@@@@@@@@@@@@@@@@@@@@@@#=.                    
0,0,0|               +@@@@@@@@@@@@@@@@@@@@@@@@@@@@@@@@@@@@@@@@@@@@@@@@@@@@@@@@@@@@#:                  
0,0,0|                #@@@@@@@@@@@@@@@@@@@@@@@@@@@@@@@@@@@@@@@@@@@@@@@@@@@@@@@@@@@@@%=                
0,0,0|               :%@@@@@@@@@@@@@@@@@@@@@@@@@@@@@@@@@@@@@@@@@@@@@@@@@@@@@@@@@@@@@@@#:              
0,0,0|             .*@@@@@@@@@@@@@@@@@@@@@@@@@@@@@@@@@@@@@@@@@@@@@@@@@@@@@@@@@@@@@@@@@@@+             
0,0,0|            -@@@@@@@@@@@@@@@@@@@@@@@@@@@@@@@@@@@@@@@@@@@@@@@@@@@@@@@@@@@@@@@@@@@@@@*            
255,255,255|