0,0,0|                                                                                                
0,0,0|                                *:                                                              
0,0,0|                                %@*.                                                            
0,0,0|                        .:-+*#%@@@@@+:                                                          
0,0,0|                    :+#@@@@@@@@@@@@@@@%=                                                        
0,0,0|                 :+%@@@@@@@@@@@@@@@@@@@@#.                                                      
0,0,0|              .=%@@@@@@@@@@@@@@@@@@@@@@@@@.                                                     
0,0,0|             =@@@@@@@@@@@@@@@@@@@@@@@@@@@@#                                         .           
0,0,0|            *@@@@@@@@@@@@@@@@@@@@@@@@@@@@@@%=:..:-                                              
0,0,0|           :@@@@@@@@@@@@@@@@@@@@@@@@@@@@@@@@@@@@@@@=                                            
0,0,0|           =@@@@@@@@@@@@@@@@@@@@@@@@@@@@@@@@@@@@@@@:                                            
0,0,0|           :@@@@@@@@@@@@@@@@@@@@@@@@@@@@@@@@@@@%:=:                                             
0,0,0|  .         #@@@@@@@@@@@@@@@@@@@@@@@@@@@@@@@@@@@.             :                                 
0,0,0|            .%@@@@@@@@@@@@@@@@@@@@@@@@@@@@@@@@@+             :*#.                               
0,0,0|  .          .*@@@@@@@@@@@@@@@@@@@@@@@@@@@@@%#+                ::                               
10,10,10| *-            =@@@@@@@@@@@@@@@@@@@@@@@@@@@%.                                                   
44,44,44|.+             #@@@@@@@@@@@@@@@@@@@@@@@@@@@%                                                    
0,0,0|              -@@@@@@@@@@@@@@@@@@@@@@@@@@@@@:                                           .       
0,0,0|                #@@@@@@@@@@@@@@@@@@@@@@@@@@=-                                                   
0,0,0|                @@@@@@@@@@@@@@@@@@@@@@@@@@+                                                     
0,0,0|               =@@@@@@@@@@@@@@@@@@@@%####=                                                      
0,0,0|               %@@@@@@@@@@@%*@@@@@@@+..                                                         
0,0,0|              :@@@@@@@@@@@@@@@@@@@@@@@@@@%*+-.                                                  
0,0,0|              #@@##@@@@@@@@@@@@@@@@@@@@@@@@@@@*-                                                
0,0,0|             -@@@@@@@@@@@@@@@@@@@@@@@@@@@@@@@@%-                                                
0,0,0|            .%@@@@@@@@@@@@@@@@@@@@@@@@@@@@@@@@@@=+*##%%@@@@%%##*+-:.                            
0,0,0|           *@@@*%@@@@@@@@@@@@@@@@@@@@@@@@@@@@@@@@@@@@@@@@@@@@@@@@@@@%#+-                        
0,0,0|           :#%=.@@@@@@@@@@@@@@@@@@@@@@@@@@@@@@@@@@@@@@@@@@@@@@@@@@@@@@@@@#=.                    
0,0,0|               -@@@@@@@@@@@@@@@@@@@@@@@@@@@@@@@@@@@@@@@@@@@@@@@@@@@@@@@@@@@@#-                  
0,0,0|               %@@@@@@@@@@@@@@@@@@@@@@@@@@@@@@@@@@@@@@@@@@@@@@@@@@@@@@@@@@@@@@%=                
0,0,0|               *@@@@@@@@@@@@@@@@@@@@@@@@@@@@@@@@@@@@@@@@@@@@@@@@@@@@@@@@@@@@@@@@%=              
14,14,14|               @@@@@@@@@@@@@@@@@@@@@@@@@@@@@@@@@@@@@@@@@@@@@@@@@@@@@@@@@@@@@@@@@@@#:            
1,1,1|               *@@@@@@@@@@@@@@@@@@@@@@@@@@@@@@@@@@@@@@@@@@@@@@@@@@@@@@@@@@@@@@@@@@@@=           
0,0,0|               :@@@@@@@@@@@@@@@@@@@@@@@@@@@@@@@@@@@@@@@@@@@@@@@@@@@@@@@@@@@@@@@@@@@@@+          
0,0,0|              +@@@@@@@@@@@@@@@@@@@@@@@@@@@@@@@@@@@@@@@@@@@@@@@@@@@@@@@@@@@@@@@@@@@@@@@+         
0,0,0|            :%@@@@@@@@@@@@@@@@@@@@@@@@@@@@@@@@@@@@@@@@@@@@@@@@@@@@@@@@@@@@@@@@@@@@@#+-.         
255,255,255|