0,0,0|                  :@@@@@*               .-*%@@@@@@@@@@@@@@@@+                                   
0,0,0|                   =@@@@*           .-+%@@@@@@@@@@@@@@@@@@@@@#                                  
0,0,0|                   =@@@#          =#@@@@@@@@@@@@@@@@@@@@@@@@@=                                  
0,0,0|                   #@@%         +@@@@@@@@@@@@@@@@@@@@@@@@@@@@                                   
0,0,0|                   #@@+       :%@@@@@@@@@@@@@@@@@@@@@@@@@@@@@-                                  
0,0,0|                   :@@+      .%@@@@@@@@@@@@@@@@@@@@@@@@@@@@@@-                                  
0,0,0|                    =@@.      #@@@@@@@@@@@@@@@@@@@@@@@@@@@@@@+                                  
0,0,0|                     :*%+:. .#@@@@@@@@@@@@@@@@@@@@@@@@@@@@#@*.                                  
0,0,0|                        ::.:@@@@@@@@@@@@@@@@@@@@@@@@@@@@@@.                                     
0,0,0|                           *%##@@@@@@@@@@@@@@@@@@@@@@@@@@@                               .:-=*#%
0,0,0|                                .:=++*%@@@@@@@@@@@@@@@@@@#                       .:-=+*#%@@@@@@@
0,0,0|                                       .---+#%@@@@@@@@@@@*               .:=+*#%@@@@@@@@@@@@@@@@
0,0,0|                                              .:@@@@@@@#=      ..:-=+*#%@@@@@@@@@@@@@@@@@@@@@@@@
1,1,1|                                               .@@@@@@%==+*#%%@@@@@@@@@@@@@@@@@@@@@@@@@@@@@@@@@@
0,0,0|                              ...::--===++**##%@@@@@@@@@@@@@@@@@@@@@@@@@@@@@@@@@@@@@@@@@@@@@@@@@
22,22,22| ....::::---===+++***###%%%@@@@@@@@@@@@@@@@@@@@@@@@@@@@@@@@@@@@@@@@@@@@@@@@@@@@@@@@@@@@@@@@@@@@@
240,240,240|@@@@@@@@@@@@@@@@@@@@@@@@@@@@@@@@@@@@@@@@@@@@@@@@@@@@@@@@@@@@@@@@@@@@@@@@@@@@@@@@@@@@@@@@@@@@@@@@
255,255,255|@@@@@@@@@@@@@@@@@@@@@@@@@@@@@@@@@@@@@@@@@@@@@@@@@@@@@@@@@@@@@@@@@@@@@@@@@@@@@@@@@@@@@@@@@@@@@@@@
254,254,254|@@@@@@@@@@@@@@@@@@@@@@@@@@@@@@@@@@@@@@@@@@@@@@@@@@@@@@@@@@@@@@@@@@@@@@@@@@@@@@@@@@@@@@@@@@@@@@@@
255,255,255|@@@@@@@@@@@@@@@@@@@@@@@@@@@@@@@@@@@@@@@@@@@@@@@@@@@@@@@@@@@@@@@@@@@@@@@@@@@@@@@@@@@@@@@@@@@@@@@@
255,255,255|@@@@@@@@@@@@@@@@@@@@@@@@@@@@@@@@@@@@@@@@@@@@@@@@@@@@@@@@@@@@@@@@@@@@@@@@@@@@@@@@@@@@@@@@@@@@@@%-
255,255,255|@@@@@@@@@@@@@@@@@@@@@@@@@@@@@@@@@@@@@@@@@@@@@@@@@@@@@@@@@@@@@@@@@@@@@@@@@@@@@@@@@@@@@@@@@@@@@+  
255,255,255|@@@@@@@@@@@@@@@@@@@@@@@@@@@@@@@@@@@@@@@@@@@@@@@@@@@@@@@@@@@@@@@@@@@@@@@@@@@@@@@@@@@@@@@@@@@#:   
255,255,255|@@@@@@@@@@@@@@@@@@@@@@@@@@@@@@@@@@@@@@@@@@@@@@@@@@@@@@@@@@@@@@@@@@@@@@@@@@@@@@@@@@@@@@@@@%=     
255,255,255|@@@@@@@@@@@@@@@@@@@@@@@@@@@@@@@@@@@@@@@@@@@@@@@@@@@@@@@@@@@@@@@@@@@@@@@@@@@@@@@@@@@@@@@@+       
255,255,255|@@@@@@@@@@@@@@@@@@@@@@@@@@@@@@@@@@@@@@@@@@@@@@@@@@@@@@@@@@@@@@@@@@@@@@@@@@@@@@@@@@*----.        
255,255,255|@@@@@@@@@@@@@@@@@@@@@@@@@@@@@@@@@@@@@@@@@@@@@@@@@@@@@@@@@@@@@@@@@@@@@@@@@@@@@@@%=.              
255,255,255|@@@@@@@@@@@@@@@@@@@@@@@@@@@@@@@@@@@@@@@@@@@@@@@@@@@@@@@@@@@@@@@@@@@@@@@@@@@@%+:                 
255,255,255|@@@@@@@@@@@@@@@@@@@@@@@@@@@@@@@@@@@@@@@@@@@@@@@@@@@@@@@@@@@@@@@@@@@@@@@@@#=:                    
254,254,254|@@@@@@@@@@@@@@@@@@@@@@@@@@@@@@@@@@@@@@@@@@@@@@@@@@@@@@@@@@@@@@@@@@@@@#+-.                       
255,255,255|@@@@@@@@@@@@@@@@@@@@@@@@@@@@@@@@@@@@@@@@@@@@@@@@@@@@@@@@@@@@@@@@#*=:                            
241,241,241|@@@@@@@@@@@@@@@@@@@@@@@@@@@@@@@@@@@@@@@@@@@@@@@@@@@@@@@@@%#*=-.                                 
22,22,22| :-=*#%@@@@@@@@@@@@@@@@@@@@@@@@@@@@@@@@@@@@@@@@@@%#*+=-:.                                       
0,0,0|        .:-=+*#%%@@@@@@@@@@@@@@@%%%###**++=--:..                                                
1,1,1|                  ...:::::....                                                                  
0,0,0|                                                                                                
255,255,255|