0,0,0|                              .-                                                                
0,0,0|                             =@@#:                                                              
0,0,0|                      .:-=++#@@@@@*+=-:.                                                        
0,0,0|                   :+%@@@@@@@@@@@@@@@@@@#+.                                               +=    
0,0,0|                  *@@@@@@@@@@@@@@@@@@@@@@@@*:                                                   
0,0,0|                 %@@@@@@@@@@@@@@@@@@@@@@@@@@@=                                                  
0,0,0|                *@@@@@@@@@@@@@@@@@@@@@@@@@@@@@+                                                 
0,0,0|               .@@@@@@@@@@@@@@@@@@@@@@@@@@@@@@@-                                                
0,0,0|               =@@@@@@@@@@@@@@@@@@@@@@@@@@@@@@@#                             .                  
0,0,0|               -@@@@@@@@@@@@@@@@@@@@@@@@@@@@@@@*                            .-                  
0,0,0|            .-=#@@@@@@@@@@@@@@@@@@@@@@@@@@@@@@@.                                                
0,0,0|         +%#@@@@@@@@@@@@@@@@@@@@@@@@@@@@@@@@@@@#                                                
2,2,2|         .@@@@@@@@@@@@@@@@@@@@@@@@@@@@@@@@@@@@@@%.                                              
15,15,15|          -=#%@@@@@@@@@@@@@@@@@@@@@@@@@@@@@@@@@#-                                               
0,0,0|              :-*@@@@@@@@@@@@@@@@@@@@@@@@@@@@@@+                                                
0,0,0|                *@@@@@@@@@@@@@@@@@@@@@@@@@@@@@@%       .                                        
0,0,0|                @@@@@@@@@@@@@@@@@@@@@@@@@@@@@@@@-      .                                        
0,0,0|               =@@@@@@@@@@@@@@@@@@@@@@@@@@@@@@@@@+                                              
0,0,0|               %@@@@@@@@@@@@@@@@@@@@@@@@@@@@@@@@@+.                                             
0,0,0|              +@@@@@@@@@@@@@@@@@@@@@@@@@@@@@@@@@#                                               
0,0,0|             :@@@@@@@@@@@@@@@@@@@@@@@@@@@@@@@@@@#                                               
0,0,0|            :#=:+%@@%###*#%@@@@@@@@@@@@@@@@@@%*+#-                                              
0,0,0|            :     :*%%%@@@@@@@@@@@@@@@@@@@@@@#=..+                                              
0,0,0|                  %@@@@@@@@@@@@@@@@@@@@@@@@@@@@@%:                                              
0,0,0|                  @@@@@@@@@@@@@@@@@@@@@@@@@@@@@@@:         :                                    
0,0,0|                 -@@@@@@@@@@@@@@@@@@@@@@@@@@@@@@@#                                              
0,0,0|                :%@@@@@@@@@@@@@@@@@@@@@@@@@@@@@@@@+                                             
0,0,0|               .@@@@@@@@@@@@@@@@@@@@@@@@@@@@@@@@@@@.:                                           
0,0,0|               +@@@@@@@@@@@@@@@@@@@@@@@@@@@@@@@@@@@@*                                           
0,0,0|               +@@@@@@@@@@@@@@@@@@@@@@@@@@@@@@@@@@@@                                            
0,0,0|               +@@@@@@@@@@@@@@@@@@@@@@@@@@@@@@@@@@@@+                                           
0,0,0|               %@@@@@@@@@@@@@@@@@@@@@@@@@@@@@@@@@@@@@%-                                         
0,0,0|               .%@@@@@@@@@@@@@@@@@@@@@@@@@@@@@@@@@@@@*.                                         
0,0,0|               -@@@@@@@@@@@@@@@@@@@@@@@@@@@@@@@@@@@@@#                                          
0,0,0|             :#@@@@@@@@@@@@@@@@@@@@@@@@@@@@@@@@@@@@@@@+                                         
0,0,0|            +@@@@@@@@@@@@@@@@@@@@@@@@@@@@@@@@@@@@@@@@@@:                                        
255,255,255|