0,0,0|                                                                                                
0,0,0|                                                                                                
0,0,0|                                                                                                
2,2,2|                                                                                                
0,0,0|                                                                                                
47,47,47|.                                                                                               
252,252,252|@*.                                                                                             
255,255,255|@@@=                                                                                            
255,255,255|@@@@#                                                                                           
255,255,255|@@@@@%.                                                                                         
255,255,255|@@@@@@@*=::..    :=++=                                                                          
255,255,255|@@@@@@@@@@@@@@@@@@@@@%:                                                                         
255,255,255|@@@@@@@@@@@@@@@@@@@@#                                                                           
255,255,255|@@@@@@@@@@@@@@@@@@@@@-                      -%%%*:                                              
255,255,255|@@@@@@@@@@@@@@@@@@@@*.                       +@@@:                                              
255,255,255|@@@@@@@@@@@@@@@@@@@#                           =%-                                              
255,255,255|@@@@@@@@@@@@@@@@@@@-                                                                            
255,255,255|@@@@@@@@@@@@@@@@@@@.                                                                            
255,255,255|@@@@@@@@@@@@@@@@@#=                                                                             
255,255,255|@@@@@@@@@@@@@@@@@:                                                                              
255,255,255|@@@@@@@@@@@@@%@@#.                                                                              
255,255,255|@@@@@@@@@@@@@=@#                                                                                
255,255,255|@@@@@@@@@@@@@*+                                                                                 
255,255,255|@@@@@@@@@@@@@#                                                                                  
255,255,255|@@@@@@@@@@@@@@:                                                                                 
255,255,255|@@@@@@@@@@@@@@%-.                                                                               
255,255,255|@@@@@@@@@@@@@@@*                                                                             .. 
255,255,255|@@@@@@@@@@@@@%@@-                                                                               
255,255,255|@@@@@@@@@@@@% :+@+                                                                              
255,255,255|@@@@@@@@@@@@@*   =-                                                                             
255,255,255|@@@@@@@@@@@%:#=                                                                                 
255,255,255|@@@@@@@@@@+.  :                                                                                 
255,255,255|@@@@@@@@@@#                                                                                     
255,255,255|@@@@@%#+=*#.                                                                                    
255,255,255|@@@#                                                                                            
255,255,255|@##%                                                                                            
255,255,255|