0,0,0|                                .*@=                                                            
0,0,0|                               =@@@@*.                                                          
0,0,0|                       :=*#%%@@@@@@@@@%%#+-.                                                    
0,0,0|                     =%@@@@@@@@@@@@@@@@@@@@@#-                                                  
0,0,0|                   .#@@@@@@@@@@@@@@@@@@@@@@@@@%:                                                
0,0,0|                   %@@@@@@@@@@@@@@@@@@@@@@@@@@@@+                                               
1,1,1|                  *@@@@@@@@@@@@@@@@@@@@@@@@@@@@@@=                                              
0,0,0|                 .@@@@@@@@@@@@@@@@@@@@@@@@@@@@@@@@.                                             
16,16,16|                 -@@@@@@@@@@@@@@@@@@@@@@@@@@@@@@@@:                                :            
36,36,36|.                :@@@@@@@@@@@@@@@@@@@@@@@@@@@@@@@%                                              
0,0,0|            -::+#@@@@@@@@@@@@@@@@@@@@@@@@@@@@@@@@%                                              
1,1,1|           .@@@@@@@@@@@@@@@@@@@@@@@@@@@@@@@@@@@@@@%:                                            
0,0,0|            #@@@@@@@@@@@@@@@@@@@@@@@@@@@@@@@@@@@@@@%             =*                             
0,0,0|             .=*%@@@@@@@@@@@@@@@@@@@@@@@@@@@@@@@@@-              :@-                            
0,0,0|                 .#@@@@@@@@@@@@@@@@@@@@@@@@@@@@@@@-               -.                            
0,0,0|                  @@@@@@@@@@@@@@@@@@@@@@@@@@@@@@@@+                                             
0,0,0|                 =@@@@@@@@@@@@@@@@@@@@@@@@@@@@@@@@%.                                            
0,0,0|                 %@@@@@@@@@@@@@@@@@@@@@@@@@@@@@@@@@%.                                           
0,0,0|                +@@@@@@@@@@@@@@@@@@@@@@@@@@@@@@@@@@*:                                           
0,0,0|               :@@@@@@@@@@@@@@@@@@@@@@@@@@@@@@@@@@@=                                            
0,0,0|              .@@@@@@@@@@@@@@@@@@@@@@@@@@@@@@@@@@@@-                                            
0,0,0|             :*=.-*%@%*#%%%@@@@@@@@@@@@@@@@@@%@#+-=#                                            
0,0,0|             :      -*#%@@@@@@@@@@@@@@@@@@@@@@@*=. -:                                           
0,0,0|                    @@@@@@@@@@@@@@@@@@@@@@@@@@@@@@@+                                            
0,0,0|                   .@@@@@@@@@@@@@@@@@@@@@@@@@@@@@@@+                                            
0,0,0|                   #@@@@@@@@@@@@@@@@@@@@@@@@@@@@@@@%.                                           
1,1,1|   +-            -#@@@@@@@@@@@@@@@@@@@@@@@@@@@@@@@@@#                                           
0,0,0|                 #@@@@@@@@@@@@@@@@@@@@@@@@@@@@@@@@@@@:.                                         
0,0,0|                -@@@@@@@@@@@@@@@@@@@@@@@@@@@@@@@@@@@@@#                                         
0,0,0|                =@@@@@@@@@@@@@@@@@@@@@@@@@@@@@@@@@@@@@:                               .         
0,0,0|                %@@@@@@@@@@@@@@@@@@@@@@@@@@@@@@@@@@@@@-  .                                      
0,0,0|                #@@@@@@@@@@@@@@@@@@@@@@@@@@@@@@@@@@@@@@%%@@%#*%#*=-=:.                          
0,0,0|                =@@@@@@@@@@@@@@@@@@@@@@@@@@@@@@@@@@@@@@@@@@@@@@@@@@@@@%##=.                     
0,0,0|               *@@@@@@@@@@@@@@@@@@@@@@@@@@@@@@@@@@@@@@@@@@@@@@@@@@@@@@@@@@@%%=.                 
0,0,0|             -%@@@@@@@@@@@@@@@@@@@@@@@@@@@@@@@@@@@@@@@@@@@@@@@@@@@@@@@@@@@@@@@@%+.              
0,0,0|           .*@@@@@@@@@@@@@@@@@@@@@@@@@@@@@@@@@@@@@@@@@@@@@@@@@@@@@@@@@@@@@@@@@@@@@*.            
255,255,255|