0,0,0|                                .                                                               
0,0,0|                       =#.                                                                      
0,0,0|                       %@%.    .                                                                
0,0,0|          .-=++***++***@@@@.                                                                    
1,1,1|      :+#@@@@@@@@@@@@@@@@@@@:                                             .                     
0,0,0|   =#@@@@@@@@@@@@@@@@@@@@@@@@=                                                                  
12,12,12| +@@@@@@@@@@@@@@@@@@@@@@@@@@@@*                                                                 
205,205,205|%@@@@@@@@@@@@@@@@@@@@@@@@@@@@@@-                                                                
255,255,255|@@@@@@@@@@@@@@@@@@@@@@@@@@@@@@@%                                                                
253,253,253|@@@@@@@@@@@@@@@@@@@@@@@@@@@@@@@@#.                                                              
253,253,253|@@@@@@@@@@@@@@@@@@@@@@@@@@@@@@@@@@%#+*=.                                                        
255,255,255|@@@@@@@@@@@@@@@@@@@@@@@@@@@@@@@@@@@@@@*                                                         
225,225,225|%@@@@@@@@@@@@@@@@@@@@@@@@@@@@@@@@@@=:-                                                          
25,25,25| *@@@@@@@@@@@@@@@@@@@@@@@@@@@@@@@@@+                                                            
0,0,0| *@@@@@@@@@@@@@@@@@@@@@@@@@@@@@@@@@.                                                            
172,172,172|*@@@@@@@@@@@@@@@@@@@@@@@@@@@@@@@@*:                              +%#=.           .              
255,255,255|@@@@@@@@@@@@@@@@@@@@@@@@@@@@@@*:.                                 =%@+ ..                       
43,43,43|.=@@@@@@@@@@@@@@@@@@@@@@@@@@@@+                                        .                        
0,0,0| +@@@@@@@@@@@@@@@@@@@@@@@@@@@@=                                                                 
23,23,23| @@@@@@@@@@@@@@@@@@@@@@@@@@@@@+                                                                 
91,91,91|-@@@@@@@@@@@@@@@@@@@@@@@@@@##@*                                                                 
167,167,167|*@@@@@@@@@@@@@@@@@@@@@@#**-   :                                                                 
237,237,237|@@@@@@@@@@@@@@@@@@@@@@@%#**+=:.                             .                                   
255,255,255|@%#@@@@@@@@@@@@@@@@@@@@@@@@@@@@@%+.                                                             
250,250,250|@#*@@@@@@@@@@@@@@@@@@@@@@@@@@@@@@@.                                                             
255,255,255|@@@@@@@@@@@@@@@@@@@@@@@@@@@@@@@@@@#.                                                            
203,203,203|#@@@@@@@@@@@@@@@@@@@@@@@@@@@@@@@@@@%:                                                           
56,56,56|:@@@@@@@@@@@@@@@@@@@@@@@@@@@@@@@@@@@@@%                                                         
160,160,160|*@@@@@@@@@@@@@@@@@@@@@@@@@@@@@@@@@@@@@#                                                         
255,255,255|@@@@@@@@@@@@@@@@@@@@@@@@@@@@@@@@@@@@@@@@%+                                                      
255,255,255|@@@@@@@@@@@@@@@@@@@@@@@@@@@@@@@@@@@@@@@@@=  :-:..--::.::.                                       
255,255,255|@@@@@@@@@@@@@@@@@@@@@@@@@@@@@@@@@@@@@@@@@%@%@@@@@@@@@@@@@%#%%*=:-:                      ..      
255,255,255|@@@@@@@@@@@@@@@@@@@@@@@@@@@@@@@@@@@@@@@@@@@@@@@@@@@@@@@@@@@@@@@@@@%*==.                         
255,255,255|@@@@@@@@@@@@@@@@@@@@@@@@@@@@@@@@@@@@@@@@@@@@@@@@@@@@@@@@@@@@@@@@@@@@@@@#+-                      
255,255,255|@@@@@@@@@@@@@@@@@@@@@@@@@@@@@@@@@@@@@@@@@@@@@@@@@@@@@@@@@@@@@@@@@@@@@@@@@@%+:                   
255,255,255|@@@@@@@@@@@@@@@@@@@@@@@@@@@@@@@@@@@@@@@@@@@@@@@@@@@@@@@@@@@@@@@@@@@@@@@@@@@@@#:                 
255,255,255|