0,0,0|                                                                                                
0,0,0|                                                                                                
0,0,0|                                                                                                
1,1,1|                                                                                                
0,0,0|                                                                                                
192,192,192|#=.                                                                                             
255,255,255|@@@#-                                                                                           
252,252,252|@@@@@#:                                                                                         
255,255,255|@@@@@@@*                                                                                        
255,255,255|@@@@@@@@%:                                                                                      
255,255,255|@@@@@@@@@@+.                                                                                    
255,255,255|@@@@@@@@@@@@*+==---=*%@%-                                                                       
255,255,255|@@@@@@@@@@@@@@@@@@@@@@@=.                   .--:                                                
255,255,255|@@@@@@@@@@@@@@@@@@@@@@@-                     :*@@#:                                             
255,255,255|@@@@@@@@@@@@@@@@@@@@@@=                        .=@=                                             
255,255,255|@@@@@@@@@@@@@@@@@@@@@*                            .                                             
255,255,255|@@@@@@@@@@@@@@@@@@@@@:                                                                          
255,255,255|@@@@@@@@@@@@@@@@@@@@#                                                                           
255,255,255|@@@@@@@@@@@@@@@@@@@@:                                                                           
255,255,255|@@@@@@@@@@@@@@@@@@@%.                                                                           
255,255,255|@@@@@@@@@@@@@@@@%@%.                                                                            
255,255,255|@@@@@@@@@@@@@@@@*+:                                                                             
255,255,255|@@@@@@@@@@@@@@@@%                                                                               
255,255,255|@@@@@@@@@@@@@@@@@*.                                                           .....             
255,255,255|@@@@@@@@@@@@@@@@@@+                                                          ..                 
255,255,255|@@@@@@@@@@@@@@@@@@%                                                                             
255,255,255|@@@@@@@@@@@@@@@@*-#%:                                                                           
255,255,255|@@@@@@@@@@@@@@@@%  :=:                                                                          
255,255,255|@@@@@@@@@@@@@@@%++                                                                              
255,255,255|@@@@@@@@@@@@@@@@%:.                                                                             
255,255,255|@@@@@@@@@@@@@@#+#=                                                                              
255,255,255|@@@@@@@@@%#*=.                                                                                  
255,255,255|@@@@@@%%=                                                                                       
255,255,255|@@@@@@%++--::.                                                                                  
255,255,255|@@@@@@@@@@@@@@@%%#*+=-::.                                                                       
255,255,255|@@@@@@@@@@@@@@@@@@@@@@@@@                                                                       
255,255,255|