0,0,0|                                =*.                                                             
0,0,0|                              :#@@@=                                                            
0,0,0|                       :=+*##%@@@@@@%#*+=:                                                      
0,0,0|                    :*@@@@@@@@@@@@@@@@@@@@%*:                                                   
0,0,0|                   +@@@@@@@@@@@@@@@@@@@@@@@@@#:                                                 
0,0,0|                  *@@@@@@@@@@@@@@@@@@@@@@@@@@@@=                                                
1,1,1|                 -@@@@@@@@@@@@@@@@@@@@@@@@@@@@@@=                                               
0,0,0|                 #@@@@@@@@@@@@@@@@@@@@@@@@@@@@@@@.                                              
14,14,14|                .@@@@@@@@@@@@@@@@@@@@@@@@@@@@@@@@=                                .             
12,12,12|                 %@@@@@@@@@@@@@@@@@@@@@@@@@@@@@@@:                                              
0,0,0|           .. -+#@@@@@@@@@@@@@@@@@@@@@@@@@@@@@@@@                                               
0,0,0|           %@@@@@@@@@@@@@@@@@@@@@@@@@@@@@@@@@@@@@#.                                             
0,0,0|           +@@@@@@@@@@@@@@@@@@@@@@@@@@@@@@@@@@@@@@%.             .-.                            
0,0,0|           .:=#@@@@@@@@@@@@@@@@@@@@@@@@@@@@@@@@@@+.              .@#                            
0,0,0|                :=@@@@@@@@@@@@@@@@@@@@@@@@@@@@@@@-                :*                            
0,0,0|                 +@@@@@@@@@@@@@@@@@@@@@@@@@@@@@@@*                                              
0,0,0|                 @@@@@@@@@@@@@@@@@@@@@@@@@@@@@@@@%:                                             
0,0,0|                =@@@@@@@@@@@@@@@@@@@@@@@@@@@@@@@@@@:                                            
0,0,0|                @@@@@@@@@@@@@@@@@@@@@@@@@@@@@@@@@@#-                                            
0,0,0|               *@@@@@@@@@@@@@@@@@@@@@@@@@@@@@@@@@@=                                             
0,0,0|              =@@@@@@@@@@@@@@@@@@@@@@@@@@@@@@@@@@@:                                             
0,0,0|             =*::+%@@#*####@@@@@@@@@@@@@@@@@@@%*=+*                                             
0,0,0|             .     .+##@@@@@@@@@@@@@@@@@@@@@@@#=: =:                                            
0,0,0|                   +@@@@@@@@@@@@@@@@@@@@@@@@@@@@@@*                                             
0,0,0|                   *@@@@@@@@@@@@@@@@@@@@@@@@@@@@@@#                                             
0,0,0|  .               :@@@@@@@@@@@@@@@@@@@@@@@@@@@@@@@@-                                            
0,0,0| :+:             =%@@@@@@@@@@@@@@@@@@@@@@@@@@@@@@@@@                                            
0,0,0|                .@@@@@@@@@@@@@@@@@@@@@@@@@@@@@@@@@@@=                                           
0,0,0|                *@@@@@@@@@@@@@@@@@@@@@@@@@@@@@@@@@@@@%-   .                                     
0,0,0|                #@@@@@@@@@@@@@@@@@@@@@@@@@@@@@@@@@@@@@@@%@@%%*#*+-..                 .          
0,0,0|               .@@@@@@@@@@@@@@@@@@@@@@@@@@@@@@@@@@@@@@@@@@@@@@@@@@@@@#=:.                       
0,0,0|               :@@@@@@@@@@@@@@@@@@@@@@@@@@@@@@@@@@@@@@@@@@@@@@@@@@@@@@@@@%+:                    
0,0,0|                +@@@@@@@@@@@@@@@@@@@@@@@@@@@@@@@@@@@@@@@@@@@@@@@@@@@@@@@@@@@@+.                 
0,0,0|               =@@@@@@@@@@@@@@@@@@@@@@@@@@@@@@@@@@@@@@@@@@@@@@@@@@@@@@@@@@@@@@@#-               
0,0,0|             :#@@@@@@@@@@@@@@@@@@@@@@@@@@@@@@@@@@@@@@@@@@@@@@@@@@@@@@@@@@@@@@@@@@#:             
0,0,0|            +@@@@@@@@@@@@@@@@@@@@@@@@@@@@@@@@@@@@@@@@@@@@@@@@@@@@@@@@@@@@@@@@@@@@@@=            
255,255,255|