0,0,0|                                                                                                
0,0,0|                                                                                                
0,0,0|                                                                                                
0,0,0|                                                                                                
0,0,0|                                                                                                
0,0,0|                                                                                                
1,1,1|                                                                                                
0,0,0|                                                                                                
1,1,1|                                                                                                
180,180,180|#            :--:                                                                               
255,255,255|@@##**+=--:=#@@@@%=                                                                             
253,253,253|@@@@@@@@@@@@@@@@@@@=                                                                            
255,255,255|@@@@@@@@@@@@@@@@@#+:                                                                            
255,255,255|@@@@@@@@@@@@@@@@@+                          =%                                                  
255,255,255|@@@@@@@@@@@@@@@@@@                         -@@                                                  
255,255,255|@@@@@@@@@@@@@@@@@@+                        .@@:                                                 
255,255,255|@@@@@@@@@@@@@@@@@#                          :%%.                                                
255,255,255|@@@@@@@@@@@@@@@@@                             +%-                                               
255,255,255|@@@@@@@@@@@@@@@@+                              .=.                                              
255,255,255|@@@@@@@@@@@@@@@@-                                                                               
255,255,255|@@@@@@@@@@@@@@%@.                                                                               
255,255,255|@@@@@@@@@@@@@=                                                                                  
255,255,255|@@@@@@@@@@@@@.                                                                                  
255,255,255|@@@@@@@@##@@=:                                                                                  
255,255,255|@@@@@@@@*#@:                                                                                    
255,255,255|@@@@@@@@@+:                                                                                     
255,255,255|@@@@@@@@@-                                                                                      
255,255,255|@@@@@@@@@:                                                                                      
255,255,255|@@@@@@@@@#                                                                                      
255,255,255|@@@@@@@@@@+-.                                                                                   
255,255,255|@@@@@@@@@@@=-                                                                                   
255,255,255|@@@@@@@@@@@=                                                                                    
255,255,255|@@@@@@@--*%@+                                                                                   
255,255,255|@@@@@@@#   :#*.                                                                                 
255,255,255|@@@@@@@@=    :.                                                                                 
255,255,255|@@@@@%.-%.                                                                                      
255,255,255|