0,0,0|                     .                                                                         .
0,0,0|                    .@=                                                            :            
0,0,0|                    -@@*                                                                     .  
3,3,3|      .-+*#%@@@@@@@@@@@@%.                                                                      
0,0,0|   :+#@@@@@@@@@@@@@@@@@@@@+                                                                     
57,57,57|:+%@@@@@@@@@@@@@@@@@@@@@@@@%:                                                                   
255,255,255|@@@@@@@@@@@@@@@@@@@@@@@@@@@@@:                                                                  
255,255,255|@@@@@@@@@@@@@@@@@@@@@@@@@@@@@%                         .                                        
255,255,255|@@@@@@@@@@@@@@@@@@@@@@@@@@@@@@#                                                                 
255,255,255|@@@@@@@@@@@@@@@@@@@@@@@@@@@@@@@%*+---..                                                         
255,255,255|@@@@@@@@@@@@@@@@@@@@@@@@@@@@@@@@@@@@@@+                                                         
255,255,255|@@@@@@@@@@@@@@@@@@@@@@@@@@@@@@@@@@#-++                  :#-                                     
255,255,255|@@@@@@@@@@@@@@@@@@@@@@@@@@@@@@@@@@%                     =@@=                                    
255,255,255|@@@@@@@@@@@@@@@@@@@@@@@@@@@@@@@@@@%.                     *%-                                    
255,255,255|@@@@@@@@@@@@@@@@@@@@@@@@@@@@@@@@@@:                                                             
255,255,255|@@@@@@@@@@@@@@@@@@@@@@@@@@@@@@%#+.                                                              
252,252,252|@@@@@@@@@@@@@@@@@@@@@@@@@@@@@@:                                                                 
255,255,255|@@@@@@@@@@@@@@@@@@@@@@@@@@@@@@:                                                                 
156,156,156|*@@@@@@@@@@@@@@@@@@@@@@@@@@@@@:                                                                 
38,38,38|.@@@@@@@@@@@@@@@@@@@@@@@@@@@@=+                                                                 
39,39,39|.@@@@@@@@@@@@@@@@@@@@@@@@@@@@- .                                                                
7,7,7| %@@@@@@@@@@@@@@@@@@@@@#*#+..-                                                                  
37,37,37|.@@@@@@@@@@@@@@@@@@@@@*-..                                                                      
114,114,114|=%@@@@@@@@@@@@@@@@@@@@@@@@@%#*=-:.                                                              
30,30,30|.#@@@@@@@@@@@@@@@@@@@@@@@@@@@@@@@@=                                                             
242,242,242|@@@@@@@@@@@@@@@@@@@@@@@@@@@@@@@@@@+                                                             
255,255,255|@@@@@@@@@@@@@@@@@@@@@@@@@@@@@@@@@@@=                                                            
254,254,254|@@@@@@@@@@@@@@@@@@@@@@@@@@@@@@@@@@@@-                                                           
255,255,255|@@@@@@@@@@@@@@@@@@@@@@@@@@@@@@@@@@@@@%%-:-****#@@%%#@@%#+**=-...                                
255,255,255|@@@@@@@@@@@@@@@@@@@@@@@@@@@@@@@@@@@@@@@@@@@@@@@@@@@@@@@@@@@@@@@@#+-:.                           
255,255,255|@@@@@@@@@@@@@@@@@@@@@@@@@@@@@@@@@@@@@@@@@@@@@@@@@@@@@@@@@@@@@@@@@@@@@*=.                        
255,255,255|@@@@@@@@@@@@@@@@@@@@@@@@@@@@@@@@@@@@@@@@@@@@@@@@@@@@@@@@@@@@@@@@@@@@@@@@%+.                     
255,255,255|@@@@@@@@@@@@@@@@@@@@@@@@@@@@@@@@@@@@@@@@@@@@@@@@@@@@@@@@@@@@@@@@@@@@@@@@@@@#=                   
255,255,255|@@@@@@@@@@@@@@@@@@@@@@@@@@@@@@@@@@@@@@@@@@@@@@@@@@@@@@@@@@@@@@@@@@@@@@@@@@@@@#-                 
255,255,255|@@@@@@@@@@@@@@@@@@@@@@@@@@@@@@@@@@@@@@@@@@@@@@@@@@@@@@@@@@@@@@@@@@@@@@@@@@@@@@@#.               
255,255,255|@@@@@@@@@@@@@@@@@@@@@@@@@@@@@@@@@@@@@@@@@@@@@@@@@@@@@@@@@@@@@@@@@@@@@@@@@@@@@@@@@-              
255,255,255|