0,0,0|                                                                                  .             
0,0,0|                      ++                                                          ..            
0,0,0|                      #@#.                                                                      
0,0,0|         .-+**##%%%%%%@@@@:                                                                     
2,2,2|     .-*%@@@@@@@@@@@@@@@@@@+                                                                    
0,0,0|  .=#@@@@@@@@@@@@@@@@@@@@@@@@-                                                                  
54,54,54|:*@@@@@@@@@@@@@@@@@@@@@@@@@@@@=                                                                 
255,255,255|@@@@@@@@@@@@@@@@@@@@@@@@@@@@@@@.                      .                                         
255,255,255|@@@@@@@@@@@@@@@@@@@@@@@@@@@@@@@%.                                                               
254,254,254|@@@@@@@@@@@@@@@@@@@@@@@@@@@@@@@@@*=::-.                                                         
255,255,255|@@@@@@@@@@@@@@@@@@@@@@@@@@@@@@@@@@@@@@@#                                                        
255,255,255|@@@@@@@@@@@@@@@@@@@@@@@@@@@@@@@@@@@%=+#.                                                        
254,254,254|@@@@@@@@@@@@@@@@@@@@@@@@@@@@@@@@@@@@.                    *@+                                    
255,255,255|@@@@@@@@@@@@@@@@@@@@@@@@@@@@@@@@@@@@:                    +@@:                                   
67,67,67|:#@@@@@@@@@@@@@@@@@@@@@@@@@@@@@@@@@=                      +-                                    
0,0,0| +@@@@@@@@@@@@@@@@@@@@@@@@@@@@@@%+:                                                             
116,116,116|=@@@@@@@@@@@@@@@@@@@@@@@@@@@@@@=                                                                
255,255,255|@@@@@@@@@@@@@@@@@@@@@@@@@@@@@@@+                                                                
71,71,71|:=*@@@@@@@@@@@@@@@@@@@@@@@@@@@@+                                                                
0,0,0|  :@@@@@@@@@@@@@@@@@@@@@@@@@@@+=.                                                               
4,4,4|   @@@@@@@@@@@@@@@@@@@@@@@@@@@* .                                                               
1,1,1|   @@@@@@@@@@@@@@@@@@@@%*+++: :                                                                 
3,3,3|  =@@@@@@@@@@@@@@@@@@@@#=:.                                                                     
3,3,3|  =%@@@@@@@@@@@@@@@@@@@@@@@@@%#*=-:                                                           . 
0,0,0|  -@@@@@@@@@@@@@@@@@@@@@@@@@@@@@@@@#.                                                         ..
98,98,98|-@@@@@@@@@@@@@@@@@@@@@@@@@@@@@@@@@@#                                                            
73,73,73|:@@@@@@@@@@@@@@@@@@@@@@@@@@@@@@@@@@@*   .:-+***#%%%##%#*+==-.                                   
26,26,26|.%@@@@@@@@@@@@@@@@@@@@@@@@@@@@@@@@@@@#*@@@@@@@@@@@@@@@@@@@@@@%#*=:                              
180,180,180|#@@@@@@@@@@@@@@@@@@@@@@@@@@@@@@@@@@@@@@@@@@@@@@@@@@@@@@@@@@@@@@@@@%#+.                          
250,250,250|@@@@@@@@@@@@@@@@@@@@@@@@@@@@@@@@@@@@@@@@@@@@@@@@@@@@@@@@@@@@@@@@@@@@@@#+:                       
255,255,255|@@@@@@@@@@@@@@@@@@@@@@@@@@@@@@@@@@@@@@@@@@@@@@@@@@@@@@@@@@@@@@@@@@@@@@@@@#:                     
255,255,255|@@@@@@@@@@@@@@@@@@@@@@@@@@@@@@@@@@@@@@@@@@@@@@@@@@@@@@@@@@@@@@@@@@@@@@@@@@@%-                   
255,255,255|@@@@@@@@@@@@@@@@@@@@@@@@@@@@@@@@@@@@@@@@@@@@@@@@@@@@@@@@@@@@@@@@@@@@@@@@@@@@@*.                 
255,255,255|@@@@@@@@@@@@@@@@@@@@@@@@@@@@@@@@@@@@@@@@@@@@@@@@@@@@@@@@@@@@@@@@@@@@@@@@@@@@@@@=                
255,255,255|@@@@@@@@@@@@@@@@@@@@@@@@@@@@@@@@@@@@@@@@@@@@@@@@@@@@@@@@@@@@@@@@@@@@@@@@@@@@@@@@*               
255,255,255|@@@@@@@@@@@@@@@@@@@@@@@@@@@@@@@@@+*@@@@@@@@@@@@@@@@@@@@@@@@@@@@@@@@@@@@@@@@@@@@@@+              
255,255,255|