0,0,0|                                                                                                
0,0,0|                             -#:                                                                
0,0,0|                           .#@@@*                                                               
0,0,0|                    .-=*##%@@@@@@@%#*+-.                                                        
0,0,0|                  -#@@@@@@@@@@@@@@@@@@@@%+.                                                     
0,0,0|                 *@@@@@@@@@@@@@@@@@@@@@@@@@+                                                    
0,0,0|                #@@@@@@@@@@@@@@@@@@@@@@@@@@@%:                                                  
0,0,0|               =@@@@@@@@@@@@@@@@@@@@@@@@@@@@@@.                                 .               
0,0,0|               %@@@@@@@@@@@@@@@@@@@@@@@@@@@@@@*                                                 
0,0,0|               @@@@@@@@@@@@@@@@@@@@@@@@@@@@@@@@                                                 
0,0,0|               %@@@@@@@@@@@@@@@@@@@@@@@@@@@@@@*                                                 
0,0,0|         . :+*%@@@@@@@@@@@@@@@@@@@@@@@@@@@@@@@-                                                 
0,0,0|        :@@@@@@@@@@@@@@@@@@@@@@@@@@@@@@@@@@@@@@-                                                
0,0,0|         +@@@@@@@@@@@@@@@@@@@@@@@@@@@@@@@@@@@@@%.                                               
0,0,0|          .-+#%@@@@@@@@@@@@@@@@@@@@@@@@@@@@@@@#                  -*-                            
0,0,0|               .@@@@@@@@@@@@@@@@@@@@@@@@@@@@@@%                  .*@                            
0,0,0|               :@@@@@@@@@@@@@@@@@@@@@@@@@@@@@@@:                   -                            
0,0,0|               *@@@@@@@@@@@@@@@@@@@@@@@@@@@@@@@%:                                               
0,0,0|               @@@@@@@@@@@@@@@@@@@@@@@@@@@@@@@@@%:                                              
0,0,0|              +@@@@@@@@@@@@@@@@@@@@@@@@@@@@@@@@@-.                                              
0,0,0|             .@@@@@@@@@@@@@@@@@@@@@@@@@@@@@@@@@@-                                               
0,0,0|             #%%@@@@@@@@%%@@@@@@@@@@@@@@@@@@@@@@#                                               
0,0,0|            ==  :=*%**###%@@@@@@@@@@@@@@@@@@@*: :*                                              
0,0,0|                 .*@@@@@@@@@@@@@@@@@@@@@@@@@@%#=..                                              
3,3,3|                 #@@@@@@@@@@@@@@@@@@@@@@@@@@@@@@+                                               
8,8,8|                 #@@@@@@@@@@@@@@@@@@@@@@@@@@@@@@*                                               
0,0,0|                .@@@@@@@@@@@@@@@@@@@@@@@@@@@@@@@@#+*######*+==:.                                
0,0,0|               -%@@@@@@@@@@@@@@@@@@@@@@@@@@@@@@@@@@@@@@@@@@@@@@@@#+-.                           
0,0,0|               #@@@@@@@@@@@@@@@@@@@@@@@@@@@@@@@@@@@@@@@@@@@@@@@@@@@@@%+:           :            
0,0,0|              -@@@@@@@@@@@@@@@@@@@@@@@@@@@@@@@@@@@@@@@@@@@@@@@@@@@@@@@@@%+.                     
0,0,0|               %@@@@@@@@@@@@@@@@@@@@@@@@@@@@@@@@@@@@@@@@@@@@@@@@@@@@@@@@@@@#-                   
0,0,0|              .@@@@@@@@@@@@@@@@@@@@@@@@@@@@@@@@@@@@@@@@@@@@@@@@@@@@@@@@@@@@@@#:                 
0,0,0|              :@@@@@@@@@@@@@@@@@@@@@@@@@@@@@@@@@@@@@@@@@@@@@@@@@@@@@@@@@@@@@@@@*                
0,0,0|               .@@@@@@@@@@@@@@@@@@@@@@@@@@@@@@@@@@@@@@@@@@@@@@@@@@@@@@@@@@@@@@@@%:              
0,0,0|              :#@@@@@@@@@@@@@@@@@@@@@@@@@@@@@@@@@@@@@@@@@@@@@@@@@@@@@@@@@@@@@@@@@@=             
0,0,0|             +@@@@@@@@@@@@@@@@@@@@@@@@@@@@@@@@@@@@@@@@@@@@@@@@@@@@@@@@@@@@@@@@@@@@@=            
255,255,255|