0,0,0|       .                                                                                        
0,0,0|                                                                                                
0,0,0|                               -*                                                               
0,0,0|                               :@%:                                                             
0,0,0|     .                   .:=+**#@@@=                                                            
0,0,0|                   .=*#%@@@@@@@@@@@@*:                                                          
0,0,0|                :+%@@@@@@@@@@@@@@@@@@@*                                                         
0,0,0|             :+%@@@@@@@@@@@@@@@@@@@@@@@#                                                        
0,0,0|           .#@@@@@@@@@@@@@@@@@@@@@@@@@@@*                                                       
0,0,0|          :@@@@@@@@@@@@@@@@@@@@@@@@@@@@@@+                                                      
0,0,0|          #@@@@@@@@@@@@@@@@@@@@@@@@@@@@@@@@#**#%-                                               
16,16,16|          @@@@@@@@@@@@@@@@@@@@@@@@@@@@@@@@@@@@@@@:                                              
2,2,2|          #@@@@@@@@@@@@@@@@@@@@@@@@@@@@@@@@@@%%@=                                               
0,0,0|          -@@@@@@@@@@@@@@@@@@@@@@@@@@@@@@@@@@# .                                                
0,0,0|           +@@@@@@@@@@@@@@@@@@@@@@@@@@@@@@@@@+                 :-:                              
0,0,0|            -%@@@@@@@@@@@@@@@@@@@@@@@@@@@@@@=                                                   
0,0,0|             -@@@@@@@@@@@@@@@@@@@@@@@@@@@#.:                                                    
0,0,0|             #@@@@@@@@@@@@@@@@@@@@@@@@@@@-                                           .          
0,0,0|            :%@@@@@@@@@@@@@@@@@@@@@@@@@@@*                                                      
0,0,0|              #@@@@@@@@@@@@@@@@@@@@@@@@@#=.                                                     
0,0,0|              @@@@@@@@@@@@@@@@@@@@@@@@@%                                                        
0,0,0|             .@@@@@@@@@@@@@@@@@@@@*#%%*.                                                        
0,0,0|             -@@@@@@@@@@@@@@@@@@@@-::.                                                          
0,0,0|             +@@@@@@@@@@@@@@@@@@@@@@@@@%#*+=.                                                   
0,0,0|             #@@@@@@@@@@@@@@@@@@@@@@@@@@@@@%:                                                   
0,0,0|             @@@@@@@@@@@@@@@@@@@@@@@@@@@@@@@*  .:=+*#%%%%%%%#*+=-:                              
0,0,0|            =@@@@@@@@@@@@@@@@@@@@@@@@@@@@@@@@%%@@@@@@@@@@@@@@@@@@@@#+-.                         
0,0,0|           #@@@@@@@@@@@@@@@@@@@@@@@@@@@@@@@@@@@@@@@@@@@@@@@@@@@@@@@@@@@#=.                      
0,0,0|           .+%@@@@@@@@@@@@@@@@@@@@@@@@@@@@@@@@@@@@@@@@@@@@@@@@@@@@@@@@@@@@*-                    
0,0,0|             .@@@@@@@@@@@@@@@@@@@@@@@@@@@@@@@@@@@@@@@@@@@@@@@@@@@@@@@@@@@@@@%-                  
0,0,0|             -@@@@@@@@@@@@@@@@@@@@@@@@@@@@@@@@@@@@@@@@@@@@@@@@@@@@@@@@@@@@@@@@%-                
0,0,0|             -@@@@@@@@@@@@@@@@@@@@@@@@@@@@@@@@@@@@@@@@@@@@@@@@@@@@@@@@@@@@@@@@@@*               
0,0,0|             *@@@@@@@@@@@@@@@@@@@@@@@@@@@@@@@@@@@@@@@@@@@@@@@@@@@@@@@@@@@@@@@@@@@%:             
0,0,0|             *@@@@@@@@@@@@@@@@@@@@@@@@@@@@@@@@@@@@@@@@@@@@@@@@@@@@@@@@@@@@@@@@@@@@@:            
0,0,0|              #@@@@@@@@@@@@@@@@@@@@@@@@@@@@@@@@@@@@@@@@@@@@@@@@@@@@@@@@@@@@@@@@@@@@@:           
0,0,0|             .@@@@@@@@@@@@@@@@@@@@@@@@@@@@@@@@@@@@@@@@@@@@@@@@@@@@@@@@@@@@@@@@@@%*=:            
255,255,255|