0,0,0|                                                                                                
0,0,0|                               .-                                                               
0,0,0|                                @#:                                                             
0,0,0|                          .:-++*@@@+.                                                           
0,0,0|                    .-+#%@@@@@@@@@@@@*-                                                         
0,0,0|                 .=#@@@@@@@@@@@@@@@@@@@#.                                                       
0,0,0|               -#@@@@@@@@@@@@@@@@@@@@@@@@:                                                      
0,0,0|             =%@@@@@@@@@@@@@@@@@@@@@@@@@@%                                         ..           
0,0,0|            #@@@@@@@@@@@@@@@@@@@@@@@@@@@@@#:                                                    
0,0,0|           +@@@@@@@@@@@@@@@@@@@@@@@@@@@@@@@@%#*#%#-                                             
0,0,0|           %@@@@@@@@@@@@@@@@@@@@@@@@@@@@@@@@@@@@@@#                                             
0,0,0|           #@@@@@@@@@@@@@@@@@@@@@@@@@@@@@@@@@@@#%%                                              
2,2,2| .         =@@@@@@@@@@@@@@@@@@@@@@@@@@@@@@@@@@@=                                                
0,0,0|            #@@@@@@@@@@@@@@@@@@@@@@@@@@@@@@@@@@:              =+.                               
89,89,89|-            *@@@@@@@@@@@@@@@@@@@@@@@@@@@@@@@@:               .-+                               
78,78,78|-             :@@@@@@@@@@@@@@@@@@@@@@@@@@@@*..                                                  
0,0,0|              .@@@@@@@@@@@@@@@@@@@@@@@@@@@@.                                                    
0,0,0|              #@@@@@@@@@@@@@@@@@@@@@@@@@@@@=                                           .        
0,0,0|              :-@@@@@@@@@@@@@@@@@@@@@@@@@@%=                                                    
0,0,0|               =@@@@@@@@@@@@@@@@@@@@@@@@@@                                                      
0,0,0|               %@@@@@@@@@@@@@@@@@@@@@@@@%:                                                      
0,0,0|              :@@@@@@@@@@@@#@@@@@@@#...                                                         
0,0,0|              *@@@@@@@@@@@@@@@@@@@@@@%##*+-:                                                    
0,0,0|             .@@@#@@@@@@@@@@@@@@@@@@@@@@@@@@@*-                                                 
0,0,0|             *@@@%@@@@@@@@@@@@@@@@@@@@@@@@@@@%-    ...::::::..                                  
0,0,0|            .@@@@@@@@@@@@@@@@@@@@@@@@@@@@@@@@@@+*#%@@@@@@@@@@@@%#*=:.                           
0,0,0|           #@@@%@@@@@@@@@@@@@@@@@@@@@@@@@@@@@@@@@@@@@@@@@@@@@@@@@@@@@%*-.                       
0,0,0|           +@@+=@@@@@@@@@@@@@@@@@@@@@@@@@@@@@@@@@@@@@@@@@@@@@@@@@@@@@@@@@#=.                    
0,0,0|            .. #@@@@@@@@@@@@@@@@@@@@@@@@@@@@@@@@@@@@@@@@@@@@@@@@@@@@@@@@@@@@*:                  
0,0,0|              :@@@@@@@@@@@@@@@@@@@@@@@@@@@@@@@@@@@@@@@@@@@@@@@@@@@@@@@@@@@@@@@#:                
0,0,0|               @@@@@@@@@@@@@@@@@@@@@@@@@@@@@@@@@@@@@@@@@@@@@@@@@@@@@@@@@@@@@@@@@#:              
0,0,0|              :@@@@@@@@@@@@@@@@@@@@@@@@@@@@@@@@@@@@@@@@@@@@@@@@@@@@@@@@@@@@@@@@@@@+             
0,0,0|              -@@@@@@@@@@@@@@@@@@@@@@@@@@@@@@@@@@@@@@@@@@@@@@@@@@@@@@@@@@@@@@@@@@@@#            
0,0,0|               =@@@@@@@@@@@@@@@@@@@@@@@@@@@@@@@@@@@@@@@@@@@@@@@@@@@@@@@@@@@@@@@@@@@@%.          
0,0,0|              =%@@@@@@@@@@@@@@@@@@@@@@@@@@@@@@@@@@@@@@@@@@@@@@@@@@@@@@@@@@@@@@@@@@@@@%          
0,0,0|            .*@@@@@@@@@@@@@@@@@@@@@@@@@@@@@@@@@@@@@@@@@@@@@@@@@@@@@@@@@@@@@@@@@@@@#+-.          
255,255,255|