0,0,0|                                                                                                
0,0,0|                                                                                                
0,0,0|                                                                                                
0,0,0|                                                                                                
0,0,0|                                                                                                
0,0,0|                                                                                                
0,0,0|                                                                                                
0,0,0|                                                                                                
0,0,0|                                                                                                
0,0,0|                                                                                                
1,1,1|                                                                                                
0,0,0|                                                                                                
22,22,22|          -**=.                            .=.                                                  
241,241,241|@%#*=-::-%@@@@@+                         ::#@@:                                                 
255,255,255|@@@@@@@@@@@@@@@@%.                       *@@@@%                                                 
254,254,254|@@@@@@@@@@@@@@@@@-                        %@@@@:                                                
255,255,255|@@@@@@@@@@@@@@@=.                          #@@@=                                                
255,255,255|@@@@@@@@@@@@@@@=                            =@@%                                                
255,255,255|@@@@@@@@@@@@@@@%                             .*@#                                               
255,255,255|@@@@@@@@@@@@@@@@*                              .**                                              
255,255,255|@@@@@@@@@@@@@@@%.                                ::                                             
255,255,255|@@@@@@@@@@@@@@@.                                                                                
255,255,255|@@@@@@@@@@@@@@#                                                                                 
255,255,255|@@@@@@@@@@@@@@*                                                                                 
255,255,255|@@@@@@@@@@@##@=                                                                                 
255,255,255|@@@@@@@@@@@+                                                                                    
255,255,255|@@@@@@@@@@@-                                                                                    
255,255,255|@@@@@@@@@@@.                                                                                    
255,255,255|@@@@@@+%@%.:.                                                                                   
255,255,255|@@@@@@#@*                                                                                       
255,255,255|@@@@@@@+                                                                                        
255,255,255|@@@@@@#.                                                                                        
255,255,255|@@@@@@*                                                                                         
255,255,255|@@@@@@@:                                                                                        
255,255,255|@@@@@@@@*=.                                                                                     
255,255,255|@@@@@@@@%=-                                                                                     
255,255,255|