0,0,0|                           ::                                                                   
0,0,0|                         -.  .                                                                  
0,0,0|      .                 .@@-                                                                    
0,0,0|             .:-=++++++*#@@@+.                                         :.                       
0,0,0|         .-*%@@@@@@@@@@@@@@@@@%+.                                                               
0,0,0|       =#@@@@@@@@@@@@@@@@@@@@@@@@=                                                              
0,0,0|     =@@@@@@@@@@@@@@@@@@@@@@@@@@@@+                                                             
0,0,0|    +@@@@@@@@@@@@@@@@@@@@@@@@@@@@@@:                                                            
0,0,0|   .@@@@@@@@@@@@@@@@@@@@@@@@@@@@@@@#                                                            
0,0,0|   -@@@@@@@@@@@@@@@@@@@@@@@@@@@@@@@@=                                                           
0,0,0|   -@@@@@@@@@@@@@@@@@@@@@@@@@@@@@@@@@%+==-                                                      
0,0,0|   .@@@@@@@@@@@@@@@@@@@@@@@@@@@@@@@@@@@@@*                                                      
0,0,0|    =@@@@@@@@@@@@@@@@@@@@@@@@@@@@@@@@@@%-                                                       
0,0,0|     -@@@@@@@@@@@@@@@@@@@@@@@@@@@@@@@@@                                                         
0,0,0|     *@@@@@@@@@@@@@@@@@@@@@@@@@@@@@@@@+                                                         
0,0,0|    =@@@@@@@@@@@@@@@@@@@@@@@@@@@@@@@%+                                .                         
0,0,0|     *@@@@@@@@@@@@@@@@@@@@@@@@@@@@+-                               .::.                         
0,0,0|      @@@@@@@@@@@@@@@@@@@@@@@@@@@@*                              -%@@@=                         
0,0,0|      #@@@@@@@@@@@@@@@@@@@@@@@@@@@@=                              ..:.                          
0,0,0|      *@@@@@@@@@@@@@@@@@@@@@@@@@@@@@-                                                           
0,0,0|      #@@@@@@@@@@@@@@@@@@@@@@@@%+.:=#:                                                          
0,0,0|     -@@@@@@@@@@@@@@@@@@@@##*-.                          ..                                     
0,0,0|     -%@@@@@@@@@@@@@@@@@@@@%#*+=-:                                                              
0,0,0|     :+@@@@@@@@@@@@@@@@@@@@@@@@@@@@%#+:                                                         
0,0,0|    *%@@@@@@@@@@@@@@@@@@@@@@@@@@@@@@@@#                                                         
0,0,0|   :@@@@@@@@@@@@@@@@@@@@@@@@@@@@@@@@@@#     .:-==+******+=--.                                   
0,0,0|    %@@@@@@@@@@@@@@@@@@@@@@@@@@@@@@@@@@#-*#%@@@@@@@@@@@@@@@@@@%#+:.             .               
0,0,0|   =@@@@@@@@@@@@@@@@@@@@@@@@@@@@@@@@@@@@@@@@@@@@@@@@@@@@@@@@@@@@@@@%+:                          
1,1,1|  .%@@@@@@@@@@@@@@@@@@@@@@@@@@@@@@@@@@@@@@@@@@@@@@@@@@@@@@@@@@@@@@@@@@%*:                       
2,2,2| .%@@@@@@@@@@@@@@@@@@@@@@@@@@@@@@@@@@@@@@@@@@@@@@@@@@@@@@@@@@@@@@@@@@@@@@#-                     
1,1,1| .@@@@@@@@@@@@@@@@@@@@@@@@@@@@@@@@@@@@@@@@@@@@@@@@@@@@@@@@@@@@@@@@@@@@@@@@@%-                   
0,0,0| .@@@@@@@@@@@@@@@@@@@@@@@@@@@@@@@@@@@@@@@@@@@@@@@@@@@@@@@@@@@@@@@@@@@@@@@@@@@#:     :           
41,41,41|.%@@@@@@@@@@@@@@@@@@@@@@@@@@@@@@@@@@@@@@@@@@@@@@@@@@@@@@@@@@@@@@@@@@@@@@@@@@@@@=                
162,162,162|*@@@@@@@@@@@@@@@@@@@@@@@@@@@@@@@@@@#@@@@@@@@@@@@@@@@@@@@@@@@@@@@@@@@@@@@@@@@@@@@*               
6,6,6| +@@@@@@@@@@@@@@@@@@@@@@@@@@@@@@@@@.@@@@@@@@@@@@@@@@@@@@@@@@@@@@@@@@@@@@@@@@@@@@@#              
12,12,12| %@@@@@@@@@@@@@@@@@@@@@@@@@@@@@@@@#=@@@@@@@@@@@@@@@@@@@@@@@@@@@@@@@@@@@@@@@@@@@@@@*             
255,255,255|