0,0,0|                                                                                                
0,0,0|                                                                                                
0,0,0|                                                                                                
0,0,0|                                                                                                
0,0,0|                                                                                                
2,2,2|                                                                                                
0,0,0|                                                                                                
47,47,47|.                                                                                               
246,246,246|@=                                                                                              
255,255,255|@@=           :=+=.                                                                             
254,254,254|@@@@%%##**+++%@@@@@*.                                                                           
255,255,255|@@@@@@@@@@@@@@@@@@@@-                                                                           
255,255,255|@@@@@@@@@@@@@@@@@@+.                                                                            
255,255,255|@@@@@@@@@@@@@@@@@@#                          ::                                                 
255,255,255|@@@@@@@@@@@@@@@@@@@-                         +                                                  
255,255,255|@@@@@@@@@@@@@@@@@@%.                         *:                                                 
255,255,255|@@@@@@@@@@@@@@@@@@                           .#=                                                
255,255,255|@@@@@@@@@@@@@@@@@=                             =.                                               
255,255,255|@@@@@@@@@@@@@@@@@:                                                                              
255,255,255|@@@@@@@@@@@@@@@@@.                                                                              
255,255,255|@@@@@@@@@@@@@@+ .                                                                               
255,255,255|@@@@@@@@@@@@@@:                                                                                 
255,255,255|@@@@@@@@@%*@@+:                                                                                 
255,255,255|@@@@@@@@@%+@=                                                                                   
255,255,255|@@@@@@@@@@*-                                                                                    
255,255,255|@@@@@@@@@@+                                                                                     
255,255,255|@@@@@@@@@@*                                                                                     
255,255,255|@@@@@@@@@@@:                                                                                    
255,255,255|@@@@@@@@@@@@+:                                                                                  
255,255,255|@@@@@@@@@@@@=.                                                                                  
255,255,255|@@@@@@@@%#@@@:                                                                                  
255,255,255|@@@@@@@@@ .-*@=                                                                                 
255,255,255|@@@@@@@@@*   .+-                                                                                
255,255,255|@@@@@@@#+%=                                                                                     
255,255,255|@@@@@@=:  =                                                                                     
255,255,255|@@@@@@=                                                                                         
255,255,255|