0,0,0|                             -.                                                                 
0,0,0|                        ++                                                                      
0,0,0|                       .@@%.                                                                    
0,0,0|          .-+*#%%%%%%%%@@@@@-                                           ..                      
0,0,0|       -*%@@@@@@@@@@@@@@@@@@@%+                                                                 
0,0,0|    :*@@@@@@@@@@@@@@@@@@@@@@@@@%:                                                               
1,1,1|   *@@@@@@@@@@@@@@@@@@@@@@@@@@@@@.                                                              
2,2,2|  #@@@@@@@@@@@@@@@@@@@@@@@@@@@@@@#                                                              
0,0,0| :@@@@@@@@@@@@@@@@@@@@@@@@@@@@@@@@:                                                             
0,0,0| -@@@@@@@@@@@@@@@@@@@@@@@@@@@@@@@@@-                                                            
0,0,0| :@@@@@@@@@@@@@@@@@@@@@@@@@@@@@@@@@@@###=                                                       
1,1,1|  @@@@@@@@@@@@@@@@@@@@@@@@@@@@@@@@@@@@@@-                                                       
2,2,2|  :%@@@@@@@@@@@@@@@@@@@@@@@@@@@@@@@@@*=.                                       .                
0,0,0|   :@@@@@@@@@@@@@@@@@@@@@@@@@@@@@@@@@=                                                          
1,1,1|   #@@@@@@@@@@@@@@@@@@@@@@@@@@@@@@@@%                                                           
2,2,2|  #@@@@@@@@@@@@@@@@@@@@@@@@@@@@@@%%=.                             ..            .               
2,2,2|  -+@@@@@@@@@@@@@@@@@@@@@@@@@@@@#.                               -%@@@=                         
0,0,0|    %@@@@@@@@@@@@@@@@@@@@@@@@@@@*                                  :--.                         
0,0,0|    *@@@@@@@@@@@@@@@@@@@@@@@@@@@@:                                                              
0,0,0|    *@@@@@@@@@@@@@@@@@@@@@@@@@@%@@-                                                             
0,0,0|    #@@@@@@@@@@@@@@@@@@@@@@@@*:  :+.                                                            
0,0,0|   :@@@@@@@@@@@@@@@@@@@@*++-                              ..                                    
0,0,0|   -@@@@@@@@@@@@@@@@@@@@@@@%%#*=-.                                                              
0,0,0|   :*@@@@@@@@@@@@@@@@@@@@@@@@@@@@@@#=                                                           
1,1,1|  +%@@@@@@@@@@@@@@@@@@@@@@@@@@@@@@@@*                                                           
1,1,1| .%@@@@@@@@@@@@@@@@@@@@@@@@@@@@@@@@@@-                                                          
4,4,4|  +@@@@@@@@@@@@@@@@@@@@@@@@@@@@@@@@@@@-                                           .             
0,0,0|  @@@@@@@@@@@@@@@@@@@@@@@@@@@@@@@@@@@@@%#           .                                           
2,2,2| *@@@@@@@@@@@@@@@@@@@@@@@@@@@@@@@@@@@@@@%-*###%@@@%@@@%#%%#+---.                                
147,147,147|+@@@@@@@@@@@@@@@@@@@@@@@@@@@@@@@@@@@@@@@@@@@@@@@@@@@@@@@@@@@@@@@%**-.                           
148,148,148|+@@@@@@@@@@@@@@@@@@@@@@@@@@@@@@@@@@@@@@@@@@@@@@@@@@@@@@@@@@@@@@@@@@@@#*-                        
170,170,170|*@@@@@@@@@@@@@@@@@@@@@@@@@@@@@@@@@@@@@@@@@@@@@@@@@@@@@@@@@@@@@@@@@@@@@@@%+-           :         
255,255,255|@@@@@@@@@@@@@@@@@@@@@@@@@@@@@@@@@@@@@@@@@@@@@@@@@@@@@@@@@@@@@@@@@@@@@@@@@@@%-                   
244,244,244|@@@@@@@@@@@@@@@@@@@@@@@@@@@@@@@@@@@@@@@@@@@@@@@@@@@@@@@@@@@@@@@@@@@@@@@@@@@@@%-                 
236,236,236|@@@@@@@@@@@@@@@@@@@@@@@@@@@@@@@@@@#%@@@@@@@@@@@@@@@@@@@@@@@@@@@@@@@@@@@@@@@@@@@*.               
255,255,255|@@@@@@@@@@@@@@@@@@@@@@@@@@@@@@@@@@-%@@@@@@@@@@@@@@@@@@@@@@@@@@@@@@@@@@@@@@@@@@@@@:              
255,255,255|