0,0,0|                   -.                                                                           
0,0,0|                   %@:                                                             .            
1,1,1|          .........@@@=                                                                      .  
0,0,0|    .=*#%@@@@@@@@@@@@@@*                                                                        
19,19,19| -*%@@@@@@@@@@@@@@@@@@@@%-                                                                      
234,234,234|@@@@@@@@@@@@@@@@@@@@@@@@@@#                                                                     
255,255,255|@@@@@@@@@@@@@@@@@@@@@@@@@@@%                                                                    
254,254,254|@@@@@@@@@@@@@@@@@@@@@@@@@@@@*                                                                   
255,255,255|@@@@@@@@@@@@@@@@@@@@@@@@@@@@@=                                                                  
255,255,255|@@@@@@@@@@@@@@@@@@@@@@@@@@@@@@%*+--=..                                                          
255,255,255|@@@@@@@@@@@@@@@@@@@@@@@@@@@@@@@@@@@@@:                  .                                       
255,255,255|@@@@@@@@@@@@@@@@@@@@@@@@@@@@@@@@@*-+-                  -@%:                                     
255,255,255|@@@@@@@@@@@@@@@@@@@@@@@@@@@@@@@@@*                     :@@#                                     
255,255,255|@@@@@@@@@@@@@@@@@@@@@@@@@@@@@@@@@*                      -*:                                     
255,255,255|@@@@@@@@@@@@@@@@@@@@@@@@@@@@@@@@%                                                               
255,255,255|@@@@@@@@@@@@@@@@@@@@@@@@@@@@@%#=                                                                
255,255,255|@@@@@@@@@@@@@@@@@@@@@@@@@@@@#.                                                                  
255,255,255|@@@@@@@@@@@@@@@@@@@@@@@@@@@@%                                                                   
255,255,255|@@@@@@@@@@@@@@@@@@@@@@@@@@@@%                                                                   
255,255,255|@@@@@@@@@@@@@@@@@@@@@@@@@@@#*-                                                                  
255,255,255|@@@@@@@@@@@@@@@@@@@@@@@@@@@# :                             .                                    
255,255,255|@@@@@@@@@@@@@@@@@@@@@@%#%*-*-                                                                   
255,255,255|@@@@@@@@@@@@@@@@@@@@@+.                                                                         
255,255,255|@@@@@@@@@@@@@@@@@@@@@@@@%%#*=-.                                                                 
255,255,255|@@@@@@@@@@@@@@@@@@@@@@@@@@@@@@@@#:                                                              
255,255,255|@@@@@@@@@@@@@@@@@@@@@@@@@@@@@@@@@:                                                              
255,255,255|@@@@@@@@@@@@@@@@@@@@@@@@@@@@@@@@@%.                                                             
255,255,255|@@@@@@@@@@@@@@@@@@@@@@@@@@@@@@@@@@%.                                                            
255,255,255|@@@@@@@@@@@@@@@@@@@@@@@@@@@@@@@@@@@@#%.                                                         
255,255,255|@@@@@@@@@@@@@@@@@@@@@@@@@@@@@@@@@@@@@%            -+.                                           
255,255,255|@@@@@@@@@@@@@@@@@@@@@@@@@@@@@@@@@@@@@@*+:    .-::.+@%-...:.                                     
255,255,255|@@@@@@@@@@@@@@@@@@@@@@@@@@@@@@@@@@@@@@@@@%%%%@@@@@@@@@@@@@@@%*%#+-..                            
255,255,255|@@@@@@@@@@@@@@@@@@@@@@@@@@@@@@@@@@@@@@@@@@@@@@@@@@@@@@@@@@@@@@@@@@@@@#=::                       
255,255,255|@@@@@@@@@@@@@@@@@@@@@@@@@@@@@@@@@@@@@@@@@@@@@@@@@@@@@@@@@@@@@@@@@@@@@@@@@%=:                    
255,255,255|@@@@@@@@@@@@@@@@@@@@@@@@@@@@@@@@@@@@@@@@@@@@@@@@@@@@@@@@@@@@@@@@@@@@@@@@@@@@@+.                 
255,255,255|@@@@@@@@@@@@@@@@@@@@@@@@@@@@@@@@@@@@@@@@@@@@@@@@@@@@@@@@@@@@@@@@@@@@@@@@@@@@@@@#:               
255,255,255|