0,0,0|          .          =%@-                                                                       
0,0,0|                   -%@@@@.                                                                      
0,0,0|                 :#@@@@@@%                                                                      
0,0,0|          -+#%%%%@@@@@@@@@*:.                                                                   
0,0,0|        +%@@@@@@@@@@@@@@@@@@@%*-                                                                
0,0,0|      .%@@@@@@@@@@@@@@@@@@@@@@@@%-                                                              
0,0,0|     .@@@@@@@@@@@@@@@@@@@@@@@@@@@@#.                           .                                
0,0,0|     *@@@@@@@@@@@@@@@@@@@@@@@@@@@@@@.                          .                                
3,3,3|    .@@@@@@@@@@@@@@@@@@@@@@@@@@@@@@@#                                                           
0,0,0|    :@@@@@@@@@@@@@@@@@@@@@@@@@@@@@@@@.                                                       .  
59,59,59|:=+*%@@@@@@@@@@@@@@@@@@@@@@@@@@@@@@@@:                                                       -  
255,255,255|@@@@@@@@@@@@@@@@@@@@@@@@@@@@@@@@@@@@*                                           :               
255,255,255|@@@@@@@@@@@@@@@@@@@@@@@@@@@@@@@@@@@@                                                            
110,110,110|=*%@@@@@@@@@@@@@@@@@@@@@@@@@@@@@@@@@*                                                           
0,0,0|   :@@@@@@@@@@@@@@@@@@@@@@@@@@@@@@@@%.                                                          
5,5,5|   +@@@@@@@@@@@@@@@@@@@@@@@@@@@@@@@%                                                            
3,3,3|  =@@@@@@@@@@@@@@@@@@@@@@@@@@@@@@@@%                                                            
0,0,0| +@@@@@@@@@@@@@@@@@@@@@@@@@@@@@@@@@@                                                            
178,178,178|*@@@@@@@@@@@@@@@@@@@@@@@@@@@@@@@@@@@%.                                                          
255,255,255|@@@@@@@@@@@@@@@@@@@@@@@@@@@@@@@@@@@@@*                                                          
255,255,255|@@@@@@@@@@@@@@@@@@@@@@@@@@@@@@@@@@@@=:                                                          
89,89,89|-#@@@@%###*#%@@@@@@@@@@@@@@@@@@@@@@#.          -.                                               
0,0,0|  .:.    .-=*@@@@@@@@@@@@@@@@@@@@@@#                                                            
3,3,3|     .=*%@@@@@@@@@@@@@@@@@@@@@@@@@@@#                                                           
1,1,1|  .*%@@@@@@@@@@@@@@@@@@@@@@@@@@@@@@@#                                                           
4,4,4|  =@@@@@@@@@@@@@@@@@@@@@@@@@@@@@@@@@@=                                                          
1,1,1|   %@@@@@@@@@@@@@@@@@@@@@@@@@@@@@@@@@@= .  .                                                    
4,4,4|  :@@@@@@@@@@@@@@@@@@@@@@@@@@@@@@@@@@@@@%                                                       
0,0,0|  #@@@@@@@@@@@@@@@@@@@@@@@@@@@@@@@@@@@@@#                                                       
28,28,28|.+@@@@@@@@@@@@@@@@@@@@@@@@@@@@@@@@@@@@@@@%#=                                                    
13,13,13| *@@@@@@@@@@@@@@@@@@@@@@@@@@@@@@@@@@@@@@@@@:                                              :     
0,0,0| +@@@@@@@@@@@@@@@@@@@@@@@@@@@@@@@@@@@@@@@@@:                                                    
87,87,87|-@@@@@@@@@@@@@@@@@@@@@@@@@@@@@@@@@@@@@@@@@@@+                                                   
200,200,200|#%@@@@@@@@@@@@@@@@@@@@@@@@@@@@@@@@@@@@@@@@@@@#                                                  
0,0,0| +@@@@@@@@%@@@@@@@@@@@@@@@@@@@@@@@@@@@@@@@@@@@%.                                                
9,9,9| %@@@@@@@@=@@@@@@@@@@@@@@@@@@@@@@@@@@@@@@@@@@@@%.                                               
255,255,255|