0,0,0|                                                                                                
0,0,0|                         -                                                                      
0,0,0|                        -@*                                                                     
0,0,0|                     .. *@@#-                                                                   
0,0,0|          .-=*#%%%@@@@@@@@@@#                                               .                   
0,0,0|       -+%@@@@@@@@@@@@@@@@@@@#.                                                                 
0,0,0|    -#@@@@@@@@@@@@@@@@@@@@@@@@@-                                                                
2,2,2|  :%@@@@@@@@@@@@@@@@@@@@@@@@@@@@-                                                               
0,0,0| :@@@@@@@@@@@@@@@@@@@@@@@@@@@@@@%                                                               
5,5,5| %@@@@@@@@@@@@@@@@@@@@@@@@@@@@@@@#                                                              
13,13,13| %@@@@@@@@@@@@@@@@@@@@@@@@@@@@@@@@%+-::-:                                                       
9,9,9| %@@@@@@@@@@@@@@@@@@@@@@@@@@@@@@@@@@@@@@@:                                                      
0,0,0| +@@@@@@@@@@@@@@@@@@@@@@@@@@@@@@@@@@@@@%:                                                       
2,2,2|  #@@@@@@@@@@@@@@@@@@@@@@@@@@@@@@@@@@--                                                         
1,1,1|   =@@@@@@@@@@@@@@@@@@@@@@@@@@@@@@@@#                            ..                             
0,0,0|   -@@@@@@@@@@@@@@@@@@@@@@@@@@@@@@@*.                            #@+                            
1,1,1|   %@@@@@@@@@@@@@@@@@@@@@@@@@@@@+=:                              -@%.                           
2,2,2|  :@@@@@@@@@@@@@@@@@@@@@@@@@@@@@.                                 .                             
4,4,4|  -@@@@@@@@@@@@@@@@@@@@@@@@@@@@@.                                                               
0,0,0| :@@@@@@@@@@@@@@@@@@@@@@@@@@@@@*=                                                               
50,50,50|.@@@@@@@@@@@@@@@@@@@@@@@@@@@@@- .                                                               
236,236,236|@@@@@@@@@@@@@@@%@@@@@@@@@@##*                                                                   
255,255,255|@@@@@@@@%@@@@@#=%@@@@@@@%%++--:.                              .                                 
216,216,216|%@%=@@#--@%@@@@@@@@@@@@@@@@@@@@@%#*.                                                            
3,3,3|    +**%@@@@@@@@@@@@@@@@@@@@@@@@@@@:                                                            
0,0,0|   +@@@@@@@@@@@@@@@@@@@@@@@@@@@@@@@%.          ...:::::..                                       
1,1,1|   #@@@@@@@@@@@@@@@@@@@@@@@@@@@@@@@@@:   .-+##%@@@@@@@@@@@%#+=:                                 
0,0,0|   -@@@@@@@@@@@@@@@@@@@@@@@@@@@@@@@@@@*#@@@@@@@@@@@@@@@@@@@@@@@@#=:                             
1,1,1|   #@@@@@@@@@@@@@@@@@@@@@@@@@@@@@@@@@@@@@@@@@@@@@@@@@@@@@@@@@@@@@@@%+:                          
4,4,4|  +@@@@@@@@@@@@@@@@@@@@@@@@@@@@@@@@@@@@@@@@@@@@@@@@@@@@@@@@@@@@@@@@@@@#-                        
1,1,1| -@@@@@@@@@@@@@@@@@@@@@@@@@@@@@@@@@@@@@@@@@@@@@@@@@@@@@@@@@@@@@@@@@@@@@@#-                      
2,2,2|  %@@@@@@@@@@@@@@@@@@@@@@@@@@@@@@@@@@@@@@@@@@@@@@@@@@@@@@@@@@@@@@@@@@@@@@@*.                    
0,0,0| =@@@@@@@@@@@@@@@@@@@@@@@@@@@@@@@@@@@@@@@@@@@@@@@@@@@@@@@@@@@@@@@@@@@@@@@@@@-               .   
108,108,108|=@@@@@@@@@@@@@@@@@@@@@@@@@@@@@@@@@@@@@@@@@@@@@@@@@@@@@@@@@@@@@@@@@@@@@@@@@@@@+                  
71,71,71|:*@@@@@@@@@@@@@@@@@@@@@@@@@@@@@@@@@@@@@@@@@@@@@@@@@@@@@@@@@@@@@@@@@@@@@@@@@@@@*                 
0,0,0| +@@@@@@@@+*@@@@@@@@@@@@@@@@@@@@@@@@@@@@@@@@@@@@@@@@@@@@@@@@@@@@@@@@@@@@@@@@@@@=                
255,255,255|