0,0,0|                                                                                                
0,0,0|                                                                                                
2,2,2|                                                                                                
0,0,0|                                                                                                
45,45,45|.                                                                                               
252,252,252|@#=:                                                                                            
255,255,255|@@@@@*-                                                                                         
254,254,254|@@@@@@@%=                                                                                       
255,255,255|@@@@@@@@@%:                                                                                     
255,255,255|@@@@@@@@@@@+                                                                                    
255,255,255|@@@@@@@@@@@@#-                                                                                  
255,255,255|@@@@@@@@@@@@@@#-::...:-=**-                  .                                                  
255,255,255|@@@@@@@@@@@@@@@@@@@@@@@@@*-                  -+-.                                               
255,255,255|@@@@@@@@@@@@@@@@@@@@@@@@@-                    .+%#                                              
255,255,255|@@@@@@@@@@@@@@@@@@@@@@@@=                       .=.                                             
255,255,255|@@@@@@@@@@@@@@@@@@@@@@@*                                                                        
255,255,255|@@@@@@@@@@@@@@@@@@@@@@@:                                                                        
255,255,255|@@@@@@@@@@@@@@@@@@@@@@%                                                                         
255,255,255|@@@@@@@@@@@@@@@@@@@@@@*                                                                         
255,255,255|@@@@@@@@@@@@@@@@@@@@@%:                                                                         
255,255,255|@@@@@@@@@@@@@@@@@@%%@.                                                                          
255,255,255|@@@@@@@@@@@@@@@@@@@-.                                                  ...                      
255,255,255|@@@@@@@@@@@@@@@@@@@*                                                 .::.                       
255,255,255|@@@@@@@@@@@@@@@@@@@@+                                                                           
255,255,255|@@@@@@@@@@@@@@@@@@@@@                                                                           
255,255,255|@@@@@@@@@@@@@@@@@@@+%%:                                                                         
255,255,255|@@@@@@@@@@@@@@@@@@@- -+:                                                                        
255,255,255|@@@@@@@@@@@@@@@@@@@@+                                                                           
255,255,255|@@@@@@@@@@@@@@@@@%*#%*                                                                          
255,255,255|@@@@@@@@@@@@@@@@%.   .                                                                          
255,255,255|@@@@@@@@@@@@@#*=.                                                                               
255,255,255|@@@@@@@@@@*-                                                                                    
255,255,255|@@@@@@@@@@**+==-::.                                                                             
255,255,255|@@@@@@@@@@@@@@@@@@@@%%##**:                                                                     
255,255,255|@@@@@@@@@@@@@@@@@@@@@@@@@@#                                                                     
255,255,255|@@@@@@@@@@@@@@@@@@@@@@@@@@+                                                                     
255,255,255|