0,0,0|                                                                                           .    
0,0,0|                                                                                           .    
0,0,0|                           .#.                                                                  
0,0,0|                           .@@-                                                                 
0,0,0|                 .:-=+++*###@@@+                                                                
0,0,0|             .-*%@@@@@@@@@@@@@@@#:                                                              
0,0,0|          .=#@@@@@@@@@@@@@@@@@@@@@*                 .                                           
0,0,0|        -#@@@@@@@@@@@@@@@@@@@@@@@@@#                .                                           
0,0,0|      .#@@@@@@@@@@@@@@@@@@@@@@@@@@@@+                                                           
8,8,8|      %@@@@@@@@@@@@@@@@@@@@@@@@@@@@@@=                                                          
133,133,133|+-.  -@@@@@@@@@@@@@@@@@@@@@@@@@@@@@@@@%*+**:.                                                   
3,3,3|  .  =@@@@@@@@@@@@@@@@@@@@@@@@@@@@@@@@@@@@@@+                                                   
0,0,0|     .@@@@@@@@@@@@@@@@@@@@@@@@@@@@@@@@@@@+*#                                                    
0,0,0|      *@@@@@@@@@@@@@@@@@@@@@@@@@@@@@@@@@@=                                                      
8,8,8|       #@@@@@@@@@@@@@@@@@@@@@@@@@@@@@@@@@:                :+#*                                  
1,1,1|        -@@@@@@@@@@@@@@@@@@@@@@@@@@@@@@%.                =@@%:                                  
0,0,0|        .@@@@@@@@@@@@@@@@@@@@@@@@@@@@-                    ::                                    
0,0,0|        %@@@@@@@@@@@@@@@@@@@@@@@@@@@%                                                           
0,0,0|       :%@@@@@@@@@@@@@@@@@@@@@@@@@@@@.                                                          
0,0,0|         .@@@@@@@@@@@@@@@@@@@@@@@@@@*:                                                          
0,0,0|         .@@@@@@@@@@@@@@@@@@@@@@@@@- .                                                          
0,0,0|         *@@@@@@@@@@@@@@@@@@@**###:                                                             
0,0,0|        .@@@@@@@@@@@@@@@@@@@@=.                                                                 
0,0,0|        *@@@@@@@@@@@@@@@@@@@@@@@%#*+-::.                                                  ..    
0,0,0|       -@@@@@@@@@@@@@@@@@@@@@@@@@@@@@@@@%-     .:-=+++**+==-:.                             .    
0,0,0|      :@@@@@@@@@@@@@@@@@@@@@@@@@@@@@@@@@@*.=*#@@@@@@@@@@@@@@@@@#*=:                             
0,0,0|    =@@@@@@@@@@@@@@@@@@@@@@@@@@@@@@@@@@@@@@@@@@@@@@@@@@@@@@@@@@@@@@%*-.                         
0,0,0|    .*%@@@@@@@@@@@@@@@@@@@@@@@@@@@@@@@@@@@@@@@@@@@@@@@@@@@@@@@@@@@@@@@@*:                       
0,0,0|      -@@@@@@@@@@@@@@@@@@@@@@@@@@@@@@@@@@@@@@@@@@@@@@@@@@@@@@@@@@@@@@@@@@%=                     
0,0,0|     *@@@@@@@@@@@@@@@@@@@@@@@@@@@@@@@@@@@@@@@@@@@@@@@@@@@@@@@@@@@@@@@@@@@@@%-                   
0,0,0|     #@@@@@@@@@@@@@@@@@@@@@@@@@@@@@@@@@@@@@@@@@@@@@@@@@@@@@@@@@@@@@@@@@@@@@@@#.                 
0,0,0|     #@@@@@@@@@@@@@@@@@@@@@@@@@@@@@@@@@@@@@@@@@@@@@@@@@@@@@@@@@@@@@@@@@@@@@@@@@-                
0,0,0|   .+@@@@@@@@@@@@@@@@@@@@@@@@@@@@@@@@@@@@@@@@@@@@@@@@@@@@@@@@@@@@@@@@@@@@@@@@@@@=               
0,0,0|   #@@@@@@@@@@@@@@@@@@@@@@@@@@@@@@@@@@@@@@@@@@@@@@@@@@@@@@@@@@@@@@@@@@@@@@@@@@@@@+              
0,0,0|   .%@@@@@@@@@@@@@@@@@@@@@@@@@@@@@@@@@@@@@@@@@@@@@@@@@@@@@@@@@@@@@@@@@@@@@@@@@@%*+              
0,0,0|   :@@@@@@@@@@@@@@@@@@@@@@@@@@@@@@@@#%@@@@@@@@@@@@@@@@@@@@@@@@@@@@@@@@@@@@@#+-.                 
255,255,255|