0,0,0|                                                                                  -             
0,0,0|                       :+                                                                   .   
0,0,0|                       -@#.                                                                     
0,0,0|            .-==+++****#@@@-                                                                    
0,0,0|        :+#@@@@@@@@@@@@@@@@@+                                                                   
0,0,0|     -*%@@@@@@@@@@@@@@@@@@@@@%-                                                                 
1,1,1|  .+@@@@@@@@@@@@@@@@@@@@@@@@@@@+                                                                
0,0,0| =@@@@@@@@@@@@@@@@@@@@@@@@@@@@@@-                     .                                         
125,125,125|=@@@@@@@@@@@@@@@@@@@@@@@@@@@@@@@@.                                                              
245,245,245|@@@@@@@@@@@@@@@@@@@@@@@@@@@@@@@@@@+-:.:                                                         
255,255,255|@@@@@@@@@@@@@@@@@@@@@@@@@@@@@@@@@@@@@@@@#                                                       
231,231,231|@@@@@@@@@@@@@@@@@@@@@@@@@@@@@@@@@@@@@+*@=                                                       
121,121,121|=@@@@@@@@@@@@@@@@@@@@@@@@@@@@@@@@@@@@:                    :-                                    
5,5,5| *@@@@@@@@@@@@@@@@@@@@@@@@@@@@@@@@@@@=                    @@+                                   
4,4,4|  =@@@@@@@@@@@@@@@@@@@@@@@@@@@@@@@@@*                    .@@+                                   
1,1,1|   %@@@@@@@@@@@@@@@@@@@@@@@@@@@@@%*-                      ..                                    
2,2,2|  +@@@@@@@@@@@@@@@@@@@@@@@@@@@@@*                                                               
0,0,0| :@@@@@@@@@@@@@@@@@@@@@@@@@@@@@@#                                                               
0,0,0|  -=%@@@@@@@@@@@@@@@@@@@@@@@@@@@#                                                               
0,0,0|    +@@@@@@@@@@@@@@@@@@@@@@@@@@*=.                                                              
0,0,0|    -@@@@@@@@@@@@@@@@@@@@@@@@@@+                                                                
0,0,0|    -@@@@@@@@@@@@@@@@@@@@*=++- :                                                                
0,0,0|    #@@@@@@@@@@@@@@@@@@@%=-:.                                                                   
0,0,0|   .=@@@@@@@@@@@@@@@@@@@@@@@@@%#*=-:                                                            
1,1,1|   :+@@@@@@@@@@@@@@@@@@@@@@@@@@@@@@@@-                                                        . 
1,1,1|  #@@@@@@@@@@@@@@@@@@@@@@@@@@@@@@@@@@:  .:-=*##%%@@@%%%%#*+=:.                                  
2,2,2|  -@@@@@@@@@@@@@@@@@@@@@@@@@@@@@@@@@@%*%@@@@@@@@@@@@@@@@@@@@@@%#=:                              
4,4,4|  +@@@@@@@@@@@@@@@@@@@@@@@@@@@@@@@@@@@@@@@@@@@@@@@@@@@@@@@@@@@@@@@@#=.                          
0,0,0| .@@@@@@@@@@@@@@@@@@@@@@@@@@@@@@@@@@@@@@@@@@@@@@@@@@@@@@@@@@@@@@@@@@@@#=                        
59,59,59|:%@@@@@@@@@@@@@@@@@@@@@@@@@@@@@@@@@@@@@@@@@@@@@@@@@@@@@@@@@@@@@@@@@@@@@@@=.                     
203,203,203|#@@@@@@@@@@@@@@@@@@@@@@@@@@@@@@@@@@@@@@@@@@@@@@@@@@@@@@@@@@@@@@@@@@@@@@@@@@+                    
171,171,171|*@@@@@@@@@@@@@@@@@@@@@@@@@@@@@@@@@@@@@@@@@@@@@@@@@@@@@@@@@@@@@@@@@@@@@@@@@@@%-                  
224,224,224|%@@@@@@@@@@@@@@@@@@@@@@@@@@@@@@@@@@@@@@@@@@@@@@@@@@@@@@@@@@@@@@@@@@@@@@@@@@@@@*                 
255,255,255|@@@@@@@@@@@@@@@@@@@@@@@@@@@@@@@@@@@@@@@@@@@@@@@@@@@@@@@@@@@@@@@@@@@@@@@@@@@@@@@#                
254,254,254|@@@@@@@@@@@@@@@@@@@@@@@@@@@@@@@@@@*@@@@@@@@@@@@@@@@@@@@@@@@@@@@@@@@@@@@@@@@@@@@@%               
255,255,255|@@@@@@@@@@@@@@@@@@@@@@@@@@@@@@@@@@-%@@@@@@@@@@@@@@@@@@@@@@@@@@@@@@@@@@@@@@@@@@@@@#              
255,255,255|