0,0,0|        .                                                                                       
0,0,0|                               ..                                                               
0,0,0|                               :@=                                                              
0,0,0|                            .::-@@#.                                                            
0,0,0|                     .-=+*#%@@@@@@@@+:                                                          
0,0,0|                  :+%@@@@@@@@@@@@@@@@@#.                                                        
0,0,0|               :+%@@@@@@@@@@@@@@@@@@@@@@-                                                       
0,0,0|             =%@@@@@@@@@@@@@@@@@@@@@@@@@@:                                         .            
0,0,0|           .#@@@@@@@@@@@@@@@@@@@@@@@@@@@@%.                                                     
1,1,1|           %@@@@@@@@@@@@@@@@@@@@@@@@@@@@@@@*=:-++                                               
0,0,0|          :@@@@@@@@@@@@@@@@@@@@@@@@@@@@@@@@@@@@@@@:                                             
28,28,28|..        :@@@@@@@@@@@@@@@@@@@@@@@@@@@@@@@@@@@@@@*                                              
35,35,35|..         @@@@@@@@@@@@@@@@@@@@@@@@@@@@@@@@@@@#-=                                               
0,0,0|           -@@@@@@@@@@@@@@@@@@@@@@@@@@@@@@@@@@#               .:                                
1,1,1|            =@@@@@@@@@@@@@@@@@@@@@@@@@@@@@@@@#.               .-+.                              
0,0,0|             .#@@@@@@@@@@@@@@@@@@@@@@@@@@@@=+.                                                  
0,0,0|              +@@@@@@@@@@@@@@@@@@@@@@@@@@@+                                                     
0,0,0|             :@@@@@@@@@@@@@@@@@@@@@@@@@@@@*                                           .         
0,0,0|             :+#@@@@@@@@@@@@@@@@@@@@@@@@@@#                                                     
0,0,0|               %@@@@@@@@@@@@@@@@@@@@@@@@@= .                                                    
0,0,0|              :@@@@@@@@@@@@@@@@@@@@@@@@@*                                                       
0,0,0|              +@@@@@@@@@@@@@@@@@@@@::--.                                                        
0,0,0|              %@@@@@@@@@@@@@@@@@@@@#*++=-:                                                      
0,0,0|             :@@@@@@@@@@@@@@@@@@@@@@@@@@@@@%*=                                                  
0,0,0|             #@@@@@@@@@@@@@@@@@@@@@@@@@@@@@@@=       ...:::..                                   
0,0,0|            .@@@@@@@@@@@@@@@@@@@@@@@@@@@@@@@@@=-+#%%@@@@@@@@@@%%*+-:                            
0,0,0|           +%@@@@@@@@@@@@@@@@@@@@@@@@@@@@@@@@@@@@@@@@@@@@@@@@@@@@@@@@#+:                        
0,0,0|           #@@##@@@@@@@@@@@@@@@@@@@@@@@@@@@@@@@@@@@@@@@@@@@@@@@@@@@@@@@@%*:                     
0,0,0|            --.@@@@@@@@@@@@@@@@@@@@@@@@@@@@@@@@@@@@@@@@@@@@@@@@@@@@@@@@@@@@%=.                  
0,0,0|              +@@@@@@@@@@@@@@@@@@@@@@@@@@@@@@@@@@@@@@@@@@@@@@@@@@@@@@@@@@@@@@@+                 
0,0,0|              +@@@@@@@@@@@@@@@@@@@@@@@@@@@@@@@@@@@@@@@@@@@@@@@@@@@@@@@@@@@@@@@@@=               
0,0,0|              =@@@@@@@@@@@@@@@@@@@@@@@@@@@@@@@@@@@@@@@@@@@@@@@@@@@@@@@@@@@@@@@@@@#.             
0,0,0|              #@@@@@@@@@@@@@@@@@@@@@@@@@@@@@@@@@@@@@@@@@@@@@@@@@@@@@@@@@@@@@@@@@@@@-            
0,0,0|              .%@@@@@@@@@@@@@@@@@@@@@@@@@@@@@@@@@@@@@@@@@@@@@@@@@@@@@@@@@@@@@@@@@@@@=           
0,0,0|              .%@@@@@@@@@@@@@@@@@@@@@@@@@@@@@@@@@@@@@@@@@@@@@@@@@@@@@@@@@@@@@@@@@@@@@-          
0,0,0|             =@@@@@@@@@@@@@@@@@@@@@@@@@@@@@@@@@@@@@@@@@@@@@@@@@@@@@@@@@@@@@@@@@@@#+-.           
255,255,255|