0,0,0|         .           :*=                                                                        
0,0,0|                   -%@@@-                                                                       
0,0,0|                 :#@@@@@@                                                                       
0,0,0|         .-=++++*@@@@@@@@*                                                                      
0,0,0|       -#@@@@@@@@@@@@@@@@@#+-.                                                                  
0,0,0|     :%@@@@@@@@@@@@@@@@@@@@@@@#:                                                                
0,0,0|    :@@@@@@@@@@@@@@@@@@@@@@@@@@@#.                                                              
0,0,0|   .@@@@@@@@@@@@@@@@@@@@@@@@@@@@@@-                                                            .
3,3,3|   *@@@@@@@@@@@@@@@@@@@@@@@@@@@@@@@.                                                            
0,0,0|   #@@@@@@@@@@@@@@@@@@@@@@@@@@@@@@@*                                                       :    
78,78,78|-=*@@@@@@@@@@@@@@@@@@@@@@@@@@@@@@@@%                                                       -    
255,255,255|@@@@@@@@@@@@@@@@@@@@@@@@@@@@@@@@@@@*                                         .                  
252,252,252|@@@@@@@@@@@@@@@@@@@@@@@@@@@@@@@@@@%.                                                            
255,255,255|@@@@@@@@@@@@@@@@@@@@@@@@@@@@@@@@@@@:                                                            
59,59,59|:-+@@@@@@@@@@@@@@@@@@@@@@@@@@@@@@@@@:         .                                                 
0,0,0|  %@@@@@@@@@@@@@@@@@@@@@@@@@@@@@@@%:                                                            
9,9,9| #@@@@@@@@@@@@@@@@@@@@@@@@@@@@@@@@%                                                             
175,175,175|*@@@@@@@@@@@@@@@@@@@@@@@@@@@@@@@@@@                                                             
255,255,255|@@@@@@@@@@@@@@@@@@@@@@@@@@@@@@@@@@@.                                                            
252,252,252|@@@@@@@@@@@@@@@@@@@@@@@@@@@@@@@@@@@+                                                            
255,255,255|@@@@@@@@@@@@@@@@@@@@@@@@@@@@@@@@@@@#.         .                                                 
250,250,250|@@@@@@@@@@@@@@@@@@@@@@@@@@@@@@@@@@@-         .:                                                 
39,39,39|.=*#*==+##%@@@@@@@@@@@@@@@@@@@@@@@@+                                                            
0,0,0|     :=#%@@@@@@@@@@@@@@@@@@@@@@@@@##-                                                           
0,0,0| :+#@@@@@@@@@@@@@@@@@@@@@@@@@@@@@@-.#                                                           
88,88,88|-@@@@@@@@@@@@@@@@@@@@@@@@@@@@@@@@@%-                                                            
89,89,89|-@@@@@@@@@@@@@@@@@@@@@@@@@@@@@@@@@@@=     .                                                     
5,5,5| %@@@@@@@@@@@@@@@@@@@@@@@@@@@@@@@@@@@%@-                                                        
42,42,42|.@@@@@@@@@@@@@@@@@@@@@@@@@@@@@@@@@@@@@@-                                                        
157,157,157|*@@@@@@@@@@@@@@@@@@@@@@@@@@@@@@@@@@@@@@@@%:                                                     
246,246,246|@@@@@@@@@@@@@@@@@@@@@@@@@@@@@@@@@@@@@@@@@#                                              ..      
245,245,245|@@@@@@@@@@@@@@@@@@@@@@@@@@@@@@@@@@@@@@@@@%-                                                     
255,255,255|@@@@@@@@@@@@@@@@@@@@@@@@@@@@@@@@@@@@@@@@@@@#.                                                   
255,255,255|@@@@@@@@@@@@@@@@@@@@@@@@@@@@@@@@@@+#@@@@@@@@@-                                                  
206,206,206|%@@@@@@@@@@@@@@@@@@@@@@@@@@@@@@@@@::@@@@@@@@@@+                                                 
226,226,226|%@@@@@@@@@@@@@@@@@@@@@@@@@@@@@@@@@:=@@@@@@@@@@@+                                                
255,255,255|