0,0,0|                                                                                 .              
0,0,0|                          .                                                                ..   
0,0,0|                          @*                                                                    
0,0,0|                     ....:@@#.                                                                  
0,0,0|             :=*#%@@@@@@@@@@@@-                                                                 
0,0,0|         .=#@@@@@@@@@@@@@@@@@@@*:                                                               
0,0,0|      .=#@@@@@@@@@@@@@@@@@@@@@@@@=                                                              
0,0,0|     +@@@@@@@@@@@@@@@@@@@@@@@@@@@@-                  .                                          
0,0,0|    %@@@@@@@@@@@@@@@@@@@@@@@@@@@@@%                                                             
0,0,0|   +@@@@@@@@@@@@@@@@@@@@@@@@@@@@@@@%:.                                                          
1,1,1|   %@@@@@@@@@@@@@@@@@@@@@@@@@@@@@@@@@@%%@*=                                                     
0,0,0|   #@@@@@@@@@@@@@@@@@@@@@@@@@@@@@@@@@@@@@@#                                                     
1,1,1|   =@@@@@@@@@@@@@@@@@@@@@@@@@@@@@@@@@@@+.=                                                      
0,0,0|    %@@@@@@@@@@@@@@@@@@@@@@@@@@@@@@@@@@*                   .=.                                  
61,61,61|:-:  *@@@@@@@@@@@@@@@@@@@@@@@@@@@@@@@@@.                  =@@=                                  
9,9,9| ::   +@@@@@@@@@@@@@@@@@@@@@@@@@@@@@#*.                   %@*                                   
0,0,0|      %@@@@@@@@@@@@@@@@@@@@@@@@@@@%:                                                            
0,0,0|     #@@@@@@@@@@@@@@@@@@@@@@@@@@@@@                                                             
0,0,0|     =*@@@@@@@@@@@@@@@@@@@@@@@@@@@@.                                                            
0,0,0|       =@@@@@@@@@@@@@@@@@@@@@@@@@%+:                                                            
0,0,0|       :@@@@@@@@@@@@@@@@@@@@@@@@@:                                                              
0,0,0|       .@@@@@@@@@@@@@@@@@@@+=+*+:                                                               
0,0,0|       +@@@@@@@@@@@@@@@@@@@+:.                                                                  
0,0,0|       +@@@@@@@@@@@@@@@@@@@@@@@@%#+=-:.                                                     .   
0,0,0|     .=*@@@@@@@@@@@@@@@@@@@@@@@@@@@@@@@+     .:-=++++*++==-:.                               .   
0,0,0|     #@@@@@@@@@@@@@@@@@@@@@@@@@@@@@@@@@+.=*#%@@@@@@@@@@@@@@@@%#+-.                              
0,0,0|     #@@@@@@@@@@@@@@@@@@@@@@@@@@@@@@@@@@@@@@@@@@@@@@@@@@@@@@@@@@@@%+:                           
0,0,0|     @@@@@@@@@@@@@@@@@@@@@@@@@@@@@@@@@@@@@@@@@@@@@@@@@@@@@@@@@@@@@@@@@*:                        
0,0,0|    +@@@@@@@@@@@@@@@@@@@@@@@@@@@@@@@@@@@@@@@@@@@@@@@@@@@@@@@@@@@@@@@@@@@#-                      
1,1,1|   *@@@@@@@@@@@@@@@@@@@@@@@@@@@@@@@@@@@@@@@@@@@@@@@@@@@@@@@@@@@@@@@@@@@@@@#-                    
2,2,2|  .@@@@@@@@@@@@@@@@@@@@@@@@@@@@@@@@@@@@@@@@@@@@@@@@@@@@@@@@@@@@@@@@@@@@@@@@@#.                  
1,1,1|   %@@@@@@@@@@@@@@@@@@@@@@@@@@@@@@@@@@@@@@@@@@@@@@@@@@@@@@@@@@@@@@@@@@@@@@@@@@-                 
2,2,2|  +@@@@@@@@@@@@@@@@@@@@@@@@@@@@@@@@@@@@@@@@@@@@@@@@@@@@@@@@@@@@@@@@@@@@@@@@@@@@+                
2,2,2| *@@@@@@@@@@@@@@@@@@@@@@@@@@@@@@@@@@@@@@@@@@@@@@@@@@@@@@@@@@@@@@@@@@@@@@@@@@@@@@+               
2,2,2| -%@@@@@@@@@@@@@@@@@@@@@@@@@@@@@@@@%%@@@@@@@@@@@@@@@@@@@@@@@@@@@@@@@@@@@@@@@@@@@@+              
0,0,0|  @@@@@@@@@@@@@@@@@@@@@@@@@@@@@@@@@*#@@@@@@@@@@@@@@@@@@@@@@@@@@@@@@@@@@@@@@@@@%*=:              
255,255,255|