0,0,0|                 ..   -#@@-                                                                     
0,0,0|                    =%@@@@%                                                                     
0,0,0|         :+#%%@@@%%@@@@@@@@=                                                                    
0,0,0|       =%@@@@@@@@@@@@@@@@@@@%+:                                                                 
0,0,0|     .#@@@@@@@@@@@@@@@@@@@@@@@@%=                                                               
0,0,0|     %@@@@@@@@@@@@@@@@@@@@@@@@@@@%:                                                             
0,0,0|    #@@@@@@@@@@@@@@@@@@@@@@@@@@@@@@-                       .                                 :  
4,4,4|   :@@@@@@@@@@@@@@@@@@@@@@@@@@@@@@@@.                                                           
0,0,0|   -@@@@@@@@@@@@@@@@@@@@@@@@@@@@@@@@*                                                           
137,137,137|+#%@@@@@@@@@@@@@@@@@@@@@@@@@@@@@@@@@#                                                  .:       
255,255,255|@@@@@@@@@@@@@@@@@@@@@@@@@@@@@@@@@@@@+                                                  .:       
255,255,255|@@@@@@@@@@@@@@@@@@@@@@@@@@@@@@@@@@@%                                                            
197,197,197|#@@@@@@@@@@@@@@@@@@@@@@@@@@@@@@@@@@@:                                                           
0,0,0| .:*@@@@@@@@@@@@@@@@@@@@@@@@@@@@@@@@@=                                                          
2,2,2|   @@@@@@@@@@@@@@@@@@@@@@@@@@@@@@@@%=.                                                          
4,4,4|  -@@@@@@@@@@@@@@@@@@@@@@@@@@@@@@@@%                                                            
3,3,3|  #@@@@@@@@@@@@@@@@@@@@@@@@@@@@@@@@@:                                                           
0,0,0| :@@@@@@@@@@@@@@@@@@@@@@@@@@@@@@@@@@=                                                           
1,1,1| -@@@@@@@@@@@@@@@@@@@@@@@@@@@@@@@@@@%                                                           
0,0,0| *@@@@@@@@@@@@@@@@@@@@@@@@@@@@@@@@@@@-                                                          
24,24,24| @%#@@@@@@@@@@@@@@@@@@@@@@@@@@@@@@@@@%     ::                                                   
112,112,112|==   :=**#@@@@@@@@@@@@@@@@@@@@@@@@@@@@+                                                         
15,15,15|    .:+#%@@@@@@@@@@@@@@@@@@@@@@@@@@+: =*.                                                       
0,0,0| :+#@@@@@@@@@@@@@@@@@@@@@@@@@@@@@@*    .                                                        
71,71,71|:@@@@@@@@@@@@@@@@@@@@@@@@@@@@@@@@@@-                                                            
19,19,19| %@@@@@@@@@@@@@@@@@@@@@@@@@@@@@@@@@@=                                                           
12,12,12| %@@@@@@@@@@@@@@@@@@@@@@@@@@@@@@@@@@@*#=.                                                       
115,115,115|=@@@@@@@@@@@@@@@@@@@@@@@@@@@@@@@@@@@@@@:                                                        
246,246,246|@@@@@@@@@@@@@@@@@@@@@@@@@@@@@@@@@@@@@@@#+=                                                      
255,255,255|@@@@@@@@@@@@@@@@@@@@@@@@@@@@@@@@@@@@@@@@@%.                                                     
254,254,254|@@@@@@@@@@@@@@@@@@@@@@@@@@@@@@@@@@@@@@@@@+                                            :         
255,255,255|@@@@@@@@@@@@@@@@@@@@@@@@@@@@@@@@@@@@@@@@@@+                                                     
255,255,255|@@@@@@@@@@@@@@@@@@@@@@@@@@@@@@@@@@%@@@@@@@@%.                                                   
255,255,255|@@@@@@@@@@@@@@@@@@@@@@@@@@@@@@@@@@:@@@@@@@@@@:                                                  
255,255,255|@@@@@@@@@@@@@@@@@@@@@@@@@@@@@@@@@%:@@@@@@@@@@@=                                                 
255,255,255|@@@@@@@@@@@@@@@@@@@@@@@@@@@@@@@@@=:@@@@@@@@@@@@=                                                
255,255,255|