0,0,0|         .           -##                                                                        
0,0,0|                   -%@@@+                                                                       
0,0,0|                 :#@@@@@@:                                                                      
0,0,0|          :=+*###@@@@@@@@%.                                                                     
0,0,0|       :*@@@@@@@@@@@@@@@@@@%*=.                                                                 
0,0,0|      +@@@@@@@@@@@@@@@@@@@@@@@@*:                                                               
0,0,0|     *@@@@@@@@@@@@@@@@@@@@@@@@@@@*                            .                                 
0,0,0|    =@@@@@@@@@@@@@@@@@@@@@@@@@@@@@%.                                                            
3,3,3|    @@@@@@@@@@@@@@@@@@@@@@@@@@@@@@@%                                                            
0,0,0|    @@@@@@@@@@@@@@@@@@@@@@@@@@@@@@@@-                                                       :   
63,63,63|:=+#@@@@@@@@@@@@@@@@@@@@@@@@@@@@@@@@=                                                       -   
255,255,255|@@@@@@@@@@@@@@@@@@@@@@@@@@@@@@@@@@@@:                                         :.                
255,255,255|@@@@@@@@@@@@@@@@@@@@@@@@@@@@@@@@@@@=                                                            
206,206,206|%@@@@@@@@@@@@@@@@@@@@@@@@@@@@@@@@@@*                                                            
0,0,0| .-@@@@@@@@@@@@@@@@@@@@@@@@@@@@@@@@@=         .                                                 
5,5,5|  -@@@@@@@@@@@@@@@@@@@@@@@@@@@@@@@@-                                                            
0,0,0| -@@@@@@@@@@@@@@@@@@@@@@@@@@@@@@@@@:                                                            
87,87,87|-@@@@@@@@@@@@@@@@@@@@@@@@@@@@@@@@@@:                                                            
255,255,255|@@@@@@@@@@@@@@@@@@@@@@@@@@@@@@@@@@@+                                                            
252,252,252|@@@@@@@@@@@@@@@@@@@@@@@@@@@@@@@@@@@@=                                                           
255,255,255|@@@@@@@@@@@@@@@@@@@@@@@@@@@@@@@@@@@*=                                                           
219,219,219|%@@@@@@@@@@@@@@@@@@@@@@@@@@@@@@@@@@=          ::                                                
7,7,7| :=+=:.:-=+#@@@@@@@@@@@@@@@@@@@@@@@-                                                            
0,0,0|     .=*%@@@@@@@@@@@@@@@@@@@@@@@@@@#-                                                           
2,2,2|  =*%@@@@@@@@@@@@@@@@@@@@@@@@@@@@@%++                                                           
0,0,0| =@@@@@@@@@@@@@@@@@@@@@@@@@@@@@@@@@%:                                                           
0,0,0| :@@@@@@@@@@@@@@@@@@@@@@@@@@@@@@@@@@@- .   .                                                    
2,2,2| .@@@@@@@@@@@@@@@@@@@@@@@@@@@@@@@@@@@@@%                                                        
0,0,0| =@@@@@@@@@@@@@@@@@@@@@@@@@@@@@@@@@@@@@%.                                                       
66,66,66|:%@@@@@@@@@@@@@@@@@@@@@@@@@@@@@@@@@@@@@@@%*                                                     
183,183,183|#@@@@@@@@@@@@@@@@@@@@@@@@@@@@@@@@@@@@@@@@@=                                              :.     
68,68,68|:@@@@@@@@@@@@@@@@@@@@@@@@@@@@@@@@@@@@@@@@@*                                                     
204,204,204|%@@@@@@@@@@@@@@@@@@@@@@@@@@@@@@@@@@@@@@@@@@%-                                                   
255,255,255|@@@@@@@@@@@@@@@@@@@@@@@@@@@@@@@@@@@%@@@@@@@@@+                                                  
85,85,85|-@@@@@@@@@@@@@@@@@@@@@@@@@@@@@@@@@@=%@@@@@@@@@*                                                 
109,109,109|=@@@@@@@@@@@@@@@@@@@@@@@@@@@@@@@@@@=@@@@@@@@@@@#                                                
255,255,255|