0,0,0|          .          =%@%.                                                                      
0,0,0|                   :#@@@@#                                                                      
0,0,0|              .:::*@@@@@@@*                                                                     
0,0,0|          :*%@@@@@@@@@@@@@@#*=:                                                                 
0,0,0|        :%@@@@@@@@@@@@@@@@@@@@@%*:                                                              
0,0,0|       =@@@@@@@@@@@@@@@@@@@@@@@@@@*.                                                            
0,0,0|      :@@@@@@@@@@@@@@@@@@@@@@@@@@@@@-                                                           
0,0,0|      %@@@@@@@@@@@@@@@@@@@@@@@@@@@@@@:                          .                               
3,3,3|     :@@@@@@@@@@@@@@@@@@@@@@@@@@@@@@@%                                                          
0,0,0|     -@@@@@@@@@@@@@@@@@@@@@@@@@@@@@@@@.                                                       . 
71,71,71|:=*#%@@@@@@@@@@@@@@@@@@@@@@@@@@@@@@@@@                                                        = 
255,255,255|@@@@@@@@@@@@@@@@@@@@@@@@@@@@@@@@@@@@@:                                           .:             
238,238,238|@@@@@@@@@@@@@@@@@@@@@@@@@@@@@@@@@@@@@.                                                          
23,23,23| :=*%@@@@@@@@@@@@@@@@@@@@@@@@@@@@@@@@%                                                          
0,0,0|     %@@@@@@@@@@@@@@@@@@@@@@@@@@@@@@@=                                                          
1,1,1|    =@@@@@@@@@@@@@@@@@@@@@@@@@@@@@@@#                                                           
2,2,2|   =@@@@@@@@@@@@@@@@@@@@@@@@@@@@@@@@%                                                           
0,0,0|  =@@@@@@@@@@@@@@@@@@@@@@@@@@@@@@@@@@=                                                          
17,17,17| *@@@@@@@@@@@@@@@@@@@@@@@@@@@@@@@@@@@@=                                                         
243,243,243|@@@@@@@@@@@@@@@@@@@@@@@@@@@@@@@@@@@@@%*.                                                        
158,158,158|*%@@@@@@@@@@@@@@@@@@@@@@@@@@@@@@@@@@%-                                                          
0,0,0|  -#%%*=-:.:=+%@@@@@@@@@@@@@@@@@@@@@+          .-                                               
4,4,4|         .=+#%@@@@@@@@@@@@@@@@@@@@@@+                                                           
0,0,0|     :=*@@@@@@@@@@@@@@@@@@@@@@@@@@@@@*                                                          
0,0,0|   .%@@@@@@@@@@@@@@@@@@@@@@@@@@@@@@@@#.                                                         
0,0,0|   .%@@@@@@@@@@@@@@@@@@@@@@@@@@@@@@@@@%.                                                        
0,0,0|    #@@@@@@@@@@@@@@@@@@@@@@@@@@@@@@@@@@#..  .                                                   
0,0,0|   :@@@@@@@@@@@@@@@@@@@@@@@@@@@@@@@@@@@@@@.                                                     
2,2,2|  .%@@@@@@@@@@@@@@@@@@@@@@@@@@@@@@@@@@@@@#                                                      
1,1,1| .#@@@@@@@@@@@@@@@@@@@@@@@@@@@@@@@@@@@@@@@%*-                                                   
5,5,5|  +@@@@@@@@@@@@@@@@@@@@@@@@@@@@@@@@@@@@@@@@@:                                              :    
0,0,0|  #@@@@@@@@@@@@@@@@@@@@@@@@@@@@@@@@@@@@@@@@%                                                    
12,12,12| #@@@@@@@@@@@@@@@@@@@@@@@@@@@@@@@@@@@@@@@@@@%.                                                  
20,20,20| +%@@@@@@@@@@@@@@@@@@@@@@@@@@@@@@@@@@@@@@@@@@@:                                                 
0,0,0|  %@@@@@@@@-@@@@@@@@@@@@@@@@@@@@@@@@@@@@@@@@@@@-                                                
0,0,0| -@@@@@@@@% %@@@@@@@@@@@@@@@@@@@@@@@@@@@@@@@@@@@-                                               
255,255,255|