0,0,0|                                                                            =:                  
0,0,0|                       .=#@-                                                                    
0,0,0|           :=+*****++=#@@@@@                                                                    
0,0,0|        :*@@@@@@@@@@@@@@@@@@#=:                                                                 
0,0,0|       *@@@@@@@@@@@@@@@@@@@@@@@%+.                          .:                                  
0,0,0|     .%@@@@@@@@@@@@@@@@@@@@@@@@@@@=                                                             
0,0,0|     #@@@@@@@@@@@@@@@@@@@@@@@@@@@@@*                                                            
1,1,1|    -@@@@@@@@@@@@@@@@@@@@@@@@@@@@@@@*                                                           
0,0,0|    *@@@@@@@@@@@@@@@@@@@@@@@@@@@@@@@@:             .                                            
24,24,24| :=+%@@@@@@@@@@@@@@@@@@@@@@@@@@@@@@@@=       .--:                                               
239,239,239|@@@@@@@@@@@@@@@@@@@@@@@@@@@@@@@@@@@@@-      .+*+:                                               
255,255,255|@@@@@@@@@@@@@@@@@@@@@@@@@@@@@@@@@@@@+                                                           
199,199,199|#@@@@@@@@@@@@@@@@@@@@@@@@@@@@@@@@@@@#=*+                                                        
0,0,0| .-=*@@@@@@@@@@@@@@@@@@@@@@@@@@@@@@@@@@@                                                        
1,1,1|    %@@@@@@@@@@@@@@@@@@@@@@@@@@@@@@@%**-                                                        
0,0,0|   .@@@@@@@@@@@@@@@@@@@@@@@@@@@@@@@@#                                                        .: 
0,0,0|   :@@@@@@@@@@@@@@@@@@@@@@@@@@@@@@@@@.                                                          
0,0,0|  :*@@@@@@@@@@@@@@@@@@@@@@@@@@@@@@@@@+                                                          
3,3,3|  -@@@@@@@@@@@@@@@@@@@@@@@@@@@@@@@@@@@.                                                         
1,1,1|  :#@@@@@@@@@@@@@@@@@@@@@@@@@@@@@@@@@@#                                                         
0,0,0|   +@@@@@@@@@@@@@@@@@@@@@@@@@@@@@@@@@@@#                                                        
0,0,0|   *@+*#%@@@@@@@@@@@@@@@@@@@@#*#%%@@@@@%+-                                                      
0,0,0|   -. :+#@@@@@@@@@@@@@@@@@@@@@%##++*#+. .==                                                     
1,1,1|  :=*@@@@@@@@@@@@@@@@@@@@@@@@@@@@@@-       ..-==+******++=-:.                                   
0,0,0| =@@@@@@@@@@@@@@@@@@@@@@@@@@@@@@@@@+  .-+#%@@@@@@@@@@@@@@@@@@%#+-.                        =-    
0,0,0| :@@@@@@@@@@@@@@@@@@@@@@@@@@@@@@@@@@##@@@@@@@@@@@@@@@@@@@@@@@@@@@@%*-                     *=    
1,1,1| :@@@@@@@@@@@@@@@@@@@@@@@@@@@@@@@@@@@@@@@@@@@@@@@@@@@@@@@@@@@@@@@@@@@@*:                        
0,0,0| *@@@@@@@@@@@@@@@@@@@@@@@@@@@@@@@@@@@@@@@@@@@@@@@@@@@@@@@@@@@@@@@@@@@@@@%-.                     
128,128,128|+@@@@@@@@@@@@@@@@@@@@@@@@@@@@@@@@@@@@@@@@@@@@@@@@@@@@@@@@@@@@@@@@@@@@@@@@@+                     
244,244,244|@@@@@@@@@@@@@@@@@@@@@@@@@@@@@@@@@@@@@@@@@@@@@@@@@@@@@@@@@@@@@@@@@@@@@@@@#:                      
243,243,243|@@@@@@@@@@@@@@@@@@@@@@@@@@@@@@@@@@@@@@@@@@@@@@@@@@@@@@@@@@@@@@@@@@@@@@%-                        
255,255,255|@@@@@@@@@@@@@@@@@@@@@@@@@@@@@@@@@@@@@@@@@@@@@@@@@@@@@@@@@@@@@@@@@@@@@=                          
255,255,255|@@@@@@@@@@@@@@@@@@@@@@@@@@@@@@@@@@@@@@@@@@@@@@@@@@@@@@@@@@@@@@@@@@@+                            
255,255,255|@@@@@@@@@@@@@@@@@@@@@@@@@@@@@@@@@@=%@@@@@@@@@@@@@@@@@@@@@@@@@@@@@*.                             
255,255,255|@@@@@@@@@@@@@@@@@@@@@@@@@@@@@@@@@@-%@@@@@@@@@@@@@@@@@@@@@@@@@@@#:                               
255,255,255|@@@@@@@@@@@@@@@@@@@@@@@@@@@@@@@@@#-@@@@@@@@@@@@@@@@@@@@@@@@@@%-                                 
255,255,255|