0,0,0|                                 -%@*.                                                          
0,0,0|                               .+@@@@%:                                                         
0,0,0|                        -+#%%@@@@@@@@@@%%#+-.                                                   
0,0,0|                     .+@@@@@@@@@@@@@@@@@@@@@@*-                                                 
0,0,0|                    -@@@@@@@@@@@@@@@@@@@@@@@@@@#:                                               
0,0,0|                   :@@@@@@@@@@@@@@@@@@@@@@@@@@@@@-                                              
0,0,0|                   %@@@@@@@@@@@@@@@@@@@@@@@@@@@@@@:                                             
0,0,0|                  -@@@@@@@@@@@@@@@@@@@@@@@@@@@@@@@%                                             
1,1,1|                  +@@@@@@@@@@@@@@@@@@@@@@@@@@@@@@@@                                .:           
7,7,7| .                =@@@@@@@@@@@@@@@@@@@@@@@@@@@@@@@#                                             
0,0,0|            .-:-*%@@@@@@@@@@@@@@@@@@@@@@@@@@@@@@@@#                                             
0,0,0|            :@@@@@@@@@@@@@@@@@@@@@@@@@@@@@@@@@@@@@@#.                                           
0,0,0|            .%@@@@@@@@@@@@@@@@@@@@@@@@@@@@@@@@@@@@@@#            #+                             
0,0,0|              :=#@@@@@@@@@@@@@@@@@@@@@@@@@@@@@@@@@@:             *#                             
0,0,0|                  :@@@@@@@@@@@@@@@@@@@@@@@@@@@@@@@@:              :                             
0,0,0|                  =@@@@@@@@@@@@@@@@@@@@@@@@@@@@@@@@=                                            
0,0,0|                  %@@@@@@@@@@@@@@@@@@@@@@@@@@@@@@@@#                                            
0,0,0|                 -@@@@@@@@@@@@@@@@@@@@@@@@@@@@@@@@@@+.                                          
0,0,0|                 %@@@@@@@@@@@@@@@@@@@@@@@@@@@@@@@@@@+.                                          
0,0,0|                *@@@@@@@@@@@@@@@@@@@@@@@@@@@@@@@@@@@-                                           
0,0,0|               =@@@@@@@@@@@@@@@@@@@@@@@@@@@@@@@@@@@@*                                           
0,0,0|              =*--*%@@%#@@@@@@@@@@@@@@@@@@@@@@%%%*==#:                                          
0,0,0|             .:     :+#%@@@@@@@@@@@@@@@@@@@@@@@%+:  .-                                          
0,0,0|                    =@@@@@@@@@@@@@@@@@@@@@@@@@@@@@@%:                                           
0,0,0|                    +@@@@@@@@@@@@@@@@@@@@@@@@@@@@@@@:                                           
0,0,0|                   :@@@@@@@@@@@@@@@@@@@@@@@@@@@@@@@@+                                           
0,0,0|    --           .#@@@@@@@@@@@@@@@@@@@@@@@@@@@@@@@@@@-                                          
0,0,0|    ::           =@@@@@@@@@@@@@@@@@@@@@@@@@@@@@@@@@@@# .                                        
0,0,0|                .%@@@@@@@@@@@@@@@@@@@@@@@@@@@@@@@@@@@@@-                                        
0,0,0|                -@@@@@@@@@@@@@@@@@@@@@@@@@@@@@@@@@@@@@%                                         
0,0,0|                #@@@@@@@@@@@@@@@@@@@@@@@@@@@@@@@@@@@@@%                                         
0,0,0|                +@@@@@@@@@@@@@@@@@@@@@@@@@@@@@@@@@@@@@@%-                                       
0,0,0|                +@@@@@@@@@@@@@@@@@@@@@@@@@@@@@@@@@@@@@@@*                                       
0,0,0|              .#@@@@@@@@@@@@@@@@@@@@@@@@@@@@@@@@@@@@@@@@##**=*#*=--+-:  .                       
0,0,0|             =@@@@@@@@@@@@@@@@@@@@@@@@@@@@@@@@@@@@@@@@@@@@@@@@@@@@@@@@@@@#+==:                  
0,0,0|           .#@@@@@@@@@@@@@@@@@@@@@@@@@@@@@@@@@@@@@@@@@@@@@@@@@@@@@@@@@@@@@@@@@%*+.              
255,255,255|