0,0,0|                        .      :.                                                               
0,0,0|                       -@-                                                                      
0,0,0|                       #@@+   .                                                                 
0,0,0|        .:=*#%@@@@@@@@@@@@@*                                             .                      
0,0,0|     :+#@@@@@@@@@@@@@@@@@@@@#:                                           .                      
1,1,1|  .*%@@@@@@@@@@@@@@@@@@@@@@@@@+                                                                 
2,2,2| +@@@@@@@@@@@@@@@@@@@@@@@@@@@@@+                                                                
141,141,141|+@@@@@@@@@@@@@@@@@@@@@@@@@@@@@@@:                                                               
253,253,253|@@@@@@@@@@@@@@@@@@@@@@@@@@@@@@@@#                                                               
254,254,254|@@@@@@@@@@@@@@@@@@@@@@@@@@@@@@@@@#:.                                                            
255,255,255|@@@@@@@@@@@@@@@@@@@@@@@@@@@@@@@@@@@@%%%-                                                        
193,193,193|#@@@@@@@@@@@@@@@@@@@@@@@@@@@@@@@@@@@@@%.                                                        
27,27,27|.#@@@@@@@@@@@@@@@@@@@@@@@@@@@@@@@@@@.:                                          .               
0,0,0|  %@@@@@@@@@@@@@@@@@@@@@@@@@@@@@@@@@                                                            
0,0,0| -@@@@@@@@@@@@@@@@@@@@@@@@@@@@@@@@@=                                                            
125,125,125|=@@@@@@@@@@@@@@@@@@@@@@@@@@@@@@%@*:                              =**=:           .              
116,116,116|=*%@@@@@@@@@@@@@@@@@@@@@@@@@@@@-                                 .+%@#.:                        
0,0,0|  +@@@@@@@@@@@@@@@@@@@@@@@@@@@@.                                                                
3,3,3|  #@@@@@@@@@@@@@@@@@@@@@@@@@@@@.                                                                
0,0,0|  @@@@@@@@@@@@@@@@@@@@@@@@@@@@@*                                                                
0,0,0| .@@@@@@@@@@@@@@@@@@@@@@@@@#-:=#.                                                               
0,0,0| -@@@@@@@@@@@@@@@@@@@@@*++-                                                                     
3,3,3| =@@@@@@@@@@@@@@@@@@@@@@@@%%#*+-.                                                               
0,0,0| *@%@@@@@@@@@@@@@@@@@@@@@@@@@@@@@@*                                                             
131,131,131|+@@@@@@@@@@@@@@@@@@@@@@@@@@@@@@@@@#                                                             
255,255,255|@@@@@@@@@@@@@@@@@@@@@@@@@@@@@@@@@@@#                                                            
196,196,196|#@@@@@@@@@@@@@@@@@@@@@@@@@@@@@@@@@@@#...                                           .            
30,30,30|.@@@@@@@@@@@@@@@@@@@@@@@@@@@@@@@@@@@@@@=                                                        
168,168,168|*@@@@@@@@@@@@@@@@@@@@@@@@@@@@@@@@@@@@@@-                                                        
255,255,255|@@@@@@@@@@@@@@@@@@@@@@@@@@@@@@@@@@@@@@@@@#.                                                     
253,253,253|@@@@@@@@@@@@@@@@@@@@@@@@@@@@@@@@@@@@@@@@@*                                                      
255,255,255|@@@@@@@@@@@@@@@@@@@@@@@@@@@@@@@@@@@@@@@@@%.                                             .       
255,255,255|@@@@@@@@@@@@@@@@@@@@@@@@@@@@@@@@@@@@@@@@@@@=-::.-=-:.:=-:  :.                                   
255,255,255|@@@@@@@@@@@@@@@@@@@@@@@@@@@@@@@@@@#@@@@@@@@@@@@@@@@@@@@@@@%@@%#+#*-...                          
255,255,255|@@@@@@@@@@@@@@@@@@@@@@@@@@@@@@@@@@%@@@@@@@@@@@@@@@@@@@@@@@@@@@@@@@@@@@#+--                      
255,255,255|@@@@@@@@@@@@@@@@@@@@@@@@@@@@@@@@@@@@@@@@@@@@@@@@@@@@@@@@@@@@@@@@@@@@@@@@@@%+-.                  
255,255,255|