0,0,0|                                                                                                
0,0,0|                                                                                           .    
0,0,0|                           %=                                                                   
0,0,0|                          .@@*                                                                  
0,0,0|               .-=**##%%%%@@@@%.                                                                
0,0,0|           .-*%@@@@@@@@@@@@@@@@@+                                                               
0,0,0|        .=#@@@@@@@@@@@@@@@@@@@@@@%:                                                             
0,0,0|      :*@@@@@@@@@@@@@@@@@@@@@@@@@@@.                 .                                          
0,0,0|     =@@@@@@@@@@@@@@@@@@@@@@@@@@@@@%                                                            
0,0,0|  ..:@@@@@@@@@@@@@@@@@@@@@@@@@@@@@@@#.                                                          
0,0,0|  -=#@@@@@@@@@@@@@@@@@@@@@@@@@@@@@@@@@%##%=:                                                    
0,0,0|    =@@@@@@@@@@@@@@@@@@@@@@@@@@@@@@@@@@@@@@#                                                    
3,3,3|    :@@@@@@@@@@@@@@@@@@@@@@@@@@@@@@@@@@@+=*                                                     
0,0,0|     *@@@@@@@@@@@@@@@@@@@@@@@@@@@@@@@@@@+                   ..                                  
122,122,122|=.    *@@@@@@@@@@@@@@@@@@@@@@@@@@@@@@@@@.                 :*@*                                  
39,39,39|.      -@@@@@@@@@@@@@@@@@@@@@@@@@@@@@%#.                 :@@#.                                  
0,0,0|       -@@@@@@@@@@@@@@@@@@@@@@@@@@@@:                      .                                    
1,1,1|      :@@@@@@@@@@@@@@@@@@@@@@@@@@@@@                                                            
0,0,0|      -#@@@@@@@@@@@@@@@@@@@@@@@@@@@@.                                                           
0,0,0|        :@@@@@@@@@@@@@@@@@@@@@@@@@@+:                                                           
0,0,0|         %@@@@@@@@@@@@@@@@@@@@@@@@:                                                             
0,0,0|        .@@@@@@@@@@@@@@@@@@@++***:                                                              
0,0,0|        =@@@@@@@@@@@@@@@@@@@+:.                                                                 
0,0,0|        #@@@@@@@@@@@@@@@@@@@@@@@%#*+=-:.                                                   .    
0,0,0|       =@@@@@@@@@@@@@@@@@@@@@@@@@@@@@@@@+     .:-=++++++==-:.                                   
0,0,0|      *@@@@@@@@@@@@@@@@@@@@@@@@@@@@@@@@@*.-+#%@@@@@@@@@@@@@@@@%*=:.                             
0,0,0|    .%@@@@@@@@@@@@@@@@@@@@@@@@@@@@@@@@@@%@@@@@@@@@@@@@@@@@@@@@@@@@@#=.                          
0,0,0|     =@@@@@@@@@@@@@@@@@@@@@@@@@@@@@@@@@@@@@@@@@@@@@@@@@@@@@@@@@@@@@@@@%=.                       
0,0,0|     :@@@@@@@@@@@@@@@@@@@@@@@@@@@@@@@@@@@@@@@@@@@@@@@@@@@@@@@@@@@@@@@@@@@*.                     
0,0,0|    *@@@@@@@@@@@@@@@@@@@@@@@@@@@@@@@@@@@@@@@@@@@@@@@@@@@@@@@@@@@@@@@@@@@@@@+.                   
0,0,0|    %@@@@@@@@@@@@@@@@@@@@@@@@@@@@@@@@@@@@@@@@@@@@@@@@@@@@@@@@@@@@@@@@@@@@@@@@=                  
0,0,0|    #@@@@@@@@@@@@@@@@@@@@@@@@@@@@@@@@@@@@@@@@@@@@@@@@@@@@@@@@@@@@@@@@@@@@@@@@@*                 
1,1,1|   +@@@@@@@@@@@@@@@@@@@@@@@@@@@@@@@@@@@@@@@@@@@@@@@@@@@@@@@@@@@@@@@@@@@@@@@@@@@%.               
4,4,4|  *@@@@@@@@@@@@@@@@@@@@@@@@@@@@@@@@@@@@@@@@@@@@@@@@@@@@@@@@@@@@@@@@@@@@@@@@@@@@@%.              
1,1,1|  .%@@@@@@@@@@@@@@@@@@@@@@@@@@@@@@@@%@@@@@@@@@@@@@@@@@@@@@@@@@@@@@@@@@@@@@@@@@@@@*              
2,2,2|  .@@@@@@@@@@@@@@@@@@@@@@@@@@@@@@@@@*@@@@@@@@@@@@@@@@@@@@@@@@@@@@@@@@@@@@@@@#+-:                
255,255,255|