140,140,140|++**#%@%%%##***###%%%@@@@@@@@@@@@@@@%%###%@@@@@@@@@@@@@@@@@@@@@@@@@@@@@@@@@@@@@@@@@@@@@@@@@@@@@@
147,147,147|+***%@@@@%#******##%%@@@@@@@@@@@@%%%##**#%@@@@@@@@@@@@@@@@@@@@@@@@@@@@@@%%@@@@@@@@@@@@@@@@@@@@@@
153,153,153|***#####%@@%%@%++**#%@@@@@@@@@@@%##******#@@@@@@@@@@@@@@@@@@@@@@@@@@@@@@%@@@@@@@@@@@@@@@@@@@@@@@
152,152,152|+**#####%@@@@@%##**#%@@@@@@@@@@@%#*******#@@@@@@@@@@@@@@@@@@@@@@@@@@@@@@@@@@@@@@@@@@@@@@@@@@@@@@
154,154,154|******#@@@@@@@@@@@@@%%@@@@@@@@@@%#******#%@@@@@@@@@@@@@@@@@@@@@@@@@@@@@@@@@@@@@@@@@@@@@@@@@@@@@@
158,158,158|*********%@@@@@@@@@@%%%@@@@@@@@%%##****#%@@@@@@@@@@@@@@@@@@@@@@@@@@@@@@@@@@@@@@@@@@@@@@@@@@@@@@@
173,173,173|***+++**#@@@@@@@@@@@%#%@@@@@@@%%%##*++*#%@@@@@@@@@@@@@@@@@@@@@@@@@@@@@@@@@@@@@@@@@@@@@@@@@@@@@@@
183,183,183|#*++++*++@@@@@@@@@@@@%%@@@@@@%%%##**+**#%@@@@@@@@@@@@@@@@@@@@@@@@@@@@@@@@@@@@@@@@@@@@@@@@@@@@@@@
172,172,172|**++++++++%@@@@@@@@@@@@@@@@@@%%#**+++**#@@@@@@@@@@@@@@@@@@@@@@@@@@@@@@@@@@@@@@@@@@@@@@@@@@@@@@@@
159,159,159|*+++++++++=*%@@@@@@@%@@@@@@@@%#**++++**#@@@@@@@@@@@@@@@@@@@@@@@@@@@@@@@@@@@@@@@@@@@@@@@@@@@@@@@@
148,148,148|++===++++====*@@@@@@@@@@@@@@%%##**++++**%@@@@@@@@@@@@@@@@@@@@@@@@@@@@@@@@@@@@@@@@@@@@@@@@@@@@@@@
123,123,123|==============%@@@@@@@@@@@@@%%%#**++++*#%@@@@@@@@@@@@@@@@@@@@@@@@@@@@@@@@@@@@@@@@@@@@@@@@@@@@@@@
94,94,94|----------===*@@@@@@@@@@@@@@@%%##**++**#@@@@@@@@@@@@@@@@@@@@@@@@@@@@@@@@@@@@@@@@@@@@@@@@@@@@@@@@
76,76,76|:::::::::-==#%@@@@@@@@@@@@@@@%###******%@@@@@@@@@@@@@@@@@@@@@@@@@@@@@@@@@@@@@@@@@@@@@@@@@@@@@@@@
55,55,55|:::::::::-=+*@@@@@@@@@@@@@@@@%###***##%@@@@@@@@@@@@@@@@@@@@@@@@@@@@@@@@@@@@@@@@@@@@@@@@@@@@@@@@@
39,39,39|.......::-=+#@@@@@@@@@@@@@@@@%#*####%%@@@@@@@@@@@@@@@@@@@@@@@@@@@@@@@@@@@@@@@@@@@@@@@@@@@@@@@@@@
36,36,36|........:-=+@@@@@@@@@@@@@@@@@%####%%@@@@@@@@@@@@@@@@@@@@@@@@@@@@@@@@@@@@@@@@@@@@@@@@@@@@@@@@@@@@
31,31,31|........::=*@@@@@@@@@@@@@@@@@%%##%%@@@@@@@@@@@@@@@@@@@@@@@@@@@@@@@@@@@@@@@@@@@@@@@@@@@@@@@@@@@@@
25,25,25|    ....:-=*@@@@@@@@@@@@@@@@@%%%%@@@@@@@@@@@@@@@@@@@@@@@@@@@@@@@@@@@@@@@@@@@@@@@@@@@@@@@@@@@@@@@
25,25,25|    ...:---*@@@@@@@@@@@@@@@@@@@@@@@@@@@@@@@@@@@@@@@@@@@@@@@@@@@@@@@@@@@@@@@@@@@@@@@@@@@@@@@@@@@@
30,30,30|.....::--+#@@@@@@@@@@@@@@@@@@@@@@@@@@@@@@@@@@@@@@@@@@@@@@@@@@@@@@@@@@@@@@@@@@@@@@@@@@@@@@@@@@@@@
37,37,37|...::---*@@@%@@@@@@@@@@@@@@@@@@@@@@@@@@@@@@@@@@@@@@@@@@@@@@@@@@@@@@@@@@@@@@@@@@@@@@@@@@@@@@@@@@@
42,42,42|...::--=*@#+%@@@@@@@@@@@@@@@@@@@@@@@@@@@@@@@@@@@@@@@@@@@@@@@@@@@@@@@@@@@@@@@@@@@@@@@@@@@@@@@@@@@
47,47,47|...::--===*@@@@@@@@@@@@@@@@@@@@@@@@@@@@@@@@@@@@@@@@@@@@@@@@@@@@@@@@@@@@@@@@@@@@@@@@@@@@@@@@@@@@@
48,48,48|...:::--=#@@@@@@@@@@@@@@@@@@@@@@@@@@@@@@@@@@@@@@@@@@@@@@@@@@@@@@@@@@@@@@@@@@@@@@@@@@@@@@@@@@@@@@
44,44,44|....:::=%@@@@@@@@@@@@@@@@@@@@@@@@@@%%%%%%@@@@@@@@@@@@@@@@@@@@@@@@@@@@@@@@@@@@@@@@@@@@@@@@@@@@@@@
37,37,37|.....:*@@@@@@@@@@@@@@@@@@@@@@@@@@@%%%##%%%@@@@@@@@@@@@@@@@@@@@@@@@@@@@@@@@@@@@@@@@@@@@@@@@@@@@@@
31,31,31|....:#@@@@@@@@@@@@@@@@@@@@@@@@@@%%#######%%@@@@@@@@@@@@@@@@@@@@@@@@@@@@@@@@@@@@@@@@@@@@@@@@@@@@@
24,24,24|   .#@@@@@@@@@@@@@@@@@@@@@@@@@@%#**++****##%@@@@@@@@@@@@@@@@@@@@@@@@@@@@@@@@@@@@@@@@@@@@@@@@@@@@
17,17,17|   *@@@@@@@@@@@@@@@@@@@@@@@@@@%**+++++++**#%@@@@@@@@@@@@@@@@@@@@@@@@@@@@@@@@@@@@@@@@@@@@@@@@@@@@
16,16,16|   %@@@@@@@@@@@@@@@@@@@@@@@@@@#++===-===+**%@@@@@@@@@@@@@@@@@@@@@@@@@@@@@@@@@@@@@@@@@@@@@@@@@@@@
14,14,14|   . :::+@@@@@@@@@@@@@@@@@@@@@#++=-----==+*#@@@@@@@@@@@@@@@@@@@@@@@@@@@@@@@@@@@@@@@@@@@@@@@@@@@@
6,6,6|         =++*%@@@@@@@@@@@@@#+++===-------=+*%@@@@@@@@@@@@@@@@@@@@@@@@@@@@@@@@@@@@@@@@@@@@@@@@@@@
3,3,3|             .:*@@@=-@@@-=-::-------:::---=+#%@@@@@@@@@@@@@@@@@@@@@@@@@@@@@@@@@@@@@@@@@@@@@@@@@@
1,1,1|               +@@* .@@# ...:::::::::::::--=*#%@@@@@@@@@@@@@@@@@@@@@@@@@@@@@@@@@@@@@@@@@@@@@@@@@
0,0,0|               %@@: -@@+ ..............:::-=+*#%@@@@@@@@@@@@@@@@@@@@@@@@@@@@@@@@@@@@@@@@@@@@@@@@
255,255,255|