81,78,82|---::------=+#@@@@@@@@@@@@@@@@@@@@@@@@@@@@@@@%%#*++====+*#%@@@@@@@@@@@@@@@@@@@@@@@@@@@@@@@@@@%#+
74,71,75|::---======+*%@@@@@@@@@@@@@@@@@@@@@@@@@@@@@@@@%%#++===+**#%@@@@@@@@@@@@@@@@@@@@@@@@@@@@@@@@@@@#*
75,72,76|::--=++****#%@@@@@@@@@@@@@@@@@@@@@@@@@@@@@@@@@@@#*++++*#%%@@@@@@@@@@@@@@@@@@@@@@@@@@@@@@@@@@@@%*
79,76,80|---=+*#%@@@@@@@@@@@@@@@@@@@@@@@@@@@@@@@@@@@@@@@@%*+++*#%@@@@@@@@@@@@@@@@@@@@@@@@@@@@@@@@@@@@@@%#
85,81,86|--=+#%@@@@@@@@@@@@@@@@@@@@@@@@@@@@@@@@@@@@@@@@@@@#*+*#@@@@@@@@@@@@@@@@@@@@@@@@@@@@@@@@@@@@@@@@@%
107,103,108|===*%@@@@@@@@@@@@@@@@@@@@@@@@@@@@@@@@@@@@@@@@@@@@@#*#%@@@@@@@@@@@@@@@@@@@@@@@@@@@@@@@@@@@@@@@@@@
121,118,122|=++#@@@@@@@@@@@@@@@@@@@@@@@@@@@@@@@@@@@@@@@@@@@@@@#*%@@@@@@@@@@@@@@@@@@@@@@@@@@@@@@@@@@@@@@@@@@@
123,120,124|=+*%@@@@@@@@@@@@@@@@@@@@@@@@@@@@@@@@@@@@@@@@@@@@@@##%@@@@@@@@@@@@@@@@@@@@@@@@@@@@@@@@@@@@@@@@@@@
126,123,127|=+*%@@@@@@@@@@@@@@@@@@@@@@@@@@@@@@@@@@@@@@@@@@@@@@%%@@@@@@@@@@@@@@@@@@@@@@@@@@@@@@@@@@@@@@@@@@@@
131,128,132|++#@@@@@@@@@@@@@@@@@@@@@@@@@@@@@@@@@@@@@@@@@@@@@@@%@@@@@@@@@@@@@@@@@@@@@@@@@@@@@@@@@@@@@@@@@@@@@
146,145,146|+*#@@@@@@@@@@@@@@@@@@@@@@@@@@@@@@@@@@@@@@@@@@@@@@@@@@@@@@@@@@@@@@@@@@@@@@@@@@@@@@@@@@@@@@@@@@@@@
167,167,167|*#%@@@@@@@@@@@@@@@@@@@@@@@@@@@@@@@@@@@@@@@@@@@@@@@@@@@@@@@@@@@@@@@@@@@@@@@@@@@@@@@@@@@@@@@@@@@@@
186,186,186|##@@@@@@@@@@@@@@@@@@@@@@@@@@@@@@@@@@@@@@@@@@@@@@@@@@@@@@@@@@@@@@@@@@@@@@@@@@@@@@@@@@@@@@@@@@@@@@
215,215,215|%%@@@@@@@@@@@@@@@@@@@@@@@@@@@@@@@@@@@@@@@@@@@@@@@@@@@@@@@@@@@@@@@@@@@@@@@@@@@@@@@@@@@@@@@@@@@@@@
234,234,234|@@@@@@@@@@@@@@@@@@@@@@@@@@@@@@@@@@@@@@@@@@@@@@@@@@@@@@@@@@@@@@@@@@@@@@@@@@@@@@@@@@@@@@@@@@@@@@@@
244,244,244|@@@@@@@@@@@@@@@@@@@@@@@@@@@@@@@@@@@@@@@@@@@@@@@@@@@@@@@@@@@@@@@@@@@@@@@@@@@@@@@@@@@@@@@@@@@@@@@@
237,237,237|@@@@@@@@@@@@@@@@@@@@@@@@@@@@@@@@@@@@@@@@@@@@@@@@@@@@@@@@@@@@@@@@@@@@@@@@@@@@@@@@@@@@@@@@@@@@@@@@
224,224,224|%@@@@@@@@@@@@@@@@@@@@@@@@@@@@@@@@@@@@@@@@@@@@@@@@@@@@@@@@@@@@@@@@@@@@@@@@@@@@@@@@@@@@@@@@@@@@@@%
204,204,204|%@@@@@@@@@@@@@@@@@@@@@@@@@@@@@@@@@@@@@@@@%%@@@%#%@@@@@@@@@@@@@@@@@@@@@@@@@@@@@@@@@@@@@@@@@@@@@@%
190,190,190|#@@@@@@@@@@@@@@@@@@@@@@@@@@@@@@@@@@@@@@@@@%%%####@@@@@@@@@@@@@@@@@@@@@@@@@@@@@@@@@@@@@@@@@@@@@@%
166,166,166|*%@@@@@@@@@@@@@@@@@@@@@@@@@@@@@@@@@@@@@@@@@@%%##%@@@@@@@@@@@@@@@@@@@@@@@@@@@@@@@@@@@@@@@@@@@@@@@
154,154,154|*#@@@@@@@@@@@@@@@@@@@@@@@@@@@@@@@@@@@@@@@@@@@%%%@@@@@@@@@@@@@@@@@@@@@@@@@@@@@@@@@@@@@@@@@@@@@@@@
133,133,133|+*%@@@@@@@@@@@@@@@@@@@@@@@@@@@@@@@@@@@@@@@@@@@%%@@@@@@@@@@@@@@@@@@@@@@@@@@@@@@@@@@@@@@@@@@@@@@@@
96,96,96|-=#@@@@@@@@@@@@@@@@@@@@@@@@@@@@@@@@@@@@@@@@@@**##%@@@@@@@@@@@@@@@@@@@@@@@@@@@@@@@@@@@@@@@@@@@@@@
54,54,54|::=#@@@@@@@@@@@@@@@@@@@@@@@@@@@@@@@@@@@@@@@@*++***#%@@@@@@@@@@@@@@@@@@@@@@@@@@@@@@@@@@@@@@@@@@@@
45,45,45|...-+#@@@@@@@@@@@@@@@@@@@@@@@@@@@@@@@@@@@@@%+++++=++*%@@@@@@@@@@@@@@@@@@@@@@@@@@@@@@@@@@@@@@@@@@
47,47,47|...:-=*%@@@@@@@@@@@@@@@@@@@@@@@@@@@@@@@@@@@#*++==-===+#%%@@@@@@@@@@@@@@@@@@@@@@@@@@@@@@@@@@@@@@@
67,67,67|::::::=*@@@@@@@@@@@@@@@@@@@@@@@@@@@@@@@@@@%##*+=---:::-+#%@@@@@@@@@@@@@@@@@@@@@@@@@@@@@@@@@@@@@@
73,73,73|:::::-=+#@@@@@@@@@@@@@@@@@@@@@@@@@@@@@@@@@@%**+=-:.::=*%@@@@@@@@@@@@@@@@@@@@@@@@@@@@@@@@@@@@@@@@
54,54,54|::::--=+*%@@@@@@@@@@@@@@@@@@@@@@@@@@@@@@@@@@@@@%%**%@@@@@@@@@@@@@@@@@@@@@@@@@@@@@@@@@@@@@@@@@@@@
40,40,40|...::--=+#%@@@@@@@@@@@@@@@@@@@@@@@@@@@@@@@@@@@@@@@@@@@@@@@@@@@@@@@@@@@@@@@@@@@@@@@@@@@@@@@@@%%#*
42,42,42|...:::-==*#%@@@@@@@@@@@@@@@@@@@@@@@@@@@@@@@@@@@@@@@@@@@@@@@@@@@@@@@@@@@@@@@@@@@@@@@@@@@@@%#**+==
33,33,33|....:::--=+**#%%@@@@@@@@@@@@@@@@@@@@@@@@@@@@@@@@@@@@@@@@@@@@@@@@@@@@@@@@@@@@@@@@@@@@@@@@#*+=-:::
11,11,11|    ...:::--==+**#%%@@@@@@@@@@@@@@@@@@@@@@@@@@@@@@@@@@@@@@@@@@@@@@@@@@@@@@@@@@@@@@@@@@%#+=-.... 
4,4,4|        ....::--===+*#######*+*@%##@@@@@@@@@@@@@@@@@@@@@@@@%+#%%*****##%@@@@@@@@@@@%##*+--:.    
3,3,3|             ..::::--------:------%@@@@@@@@@@@@@@@@@@@@@@@@@+.:-------=+#%@@@%%#*+=====-:.      
255,255,255|