0,0,0|               ......::::.....:::--==+*##%@@@@@@@@@@@@@@@@@@@@@@@@@@@@@@@@@@@@@@@@@@@@@@@%%%%%%%
0,0,0|               ....:::::::::::::--==+**##%@@@@@@@@@@@@@@@@@@@@@@@@@@@@@@@@@@@@@@@@@@@@@@@@%%%@@%
2,2,2|               ...:::::::::::::--==++*##%@@@@@@@@@@@@@@@@@@@@@@@@@@@@@@@@@@@@@@@@@@@@@@@@@@@@@@@
0,0,0|               ..::::::::::::::--==++*##%@@@@@@@@@@@@@@@@@@@@@@@@@@@@@@@@@@@@@@@@@@@@@@@@@@@@@@@
65,65,65|::::  :++:      .::::::::::::::--==+*##%@@@@@@@@@@@@@@@@@@@@@@@@@@@@@@@@@@@@@@@@@@@@@@@@@@@@@@@@
33,33,33|.:--#%@@@#=****=.::::::::::::::--==+*##%@@@@@@@@@@@@@@@@@@@@@@@@@@@@@@@@@@@@@@@@@@@@@@@@@@@@@@@@
0,0,0|   -@@@@@@@@@@@@=.::::::::::.::--==+*#%@@@@@@@@@@@@@@@@@@@@@@@@@@@@@@@@@@@@@@@@@@@@@@@@@@@@@@@@@
1,1,1|   +%##@@@@@@@@@@+:::::::::..:::-=+**#%@@@@@@@@@@@@@@@@@@@@@@@@@@@@@@@@@@@@@@@@@@@@@@@@@@@@@@@@@
0,0,0|      +@@@@@@@@@@@-:::::::::::::-=+*##@@@@@@@@@@@@@@@@@@@@@@@@@@@@@@@@@@@@@@@@@@@@@@@@@@@@@@@@@@
0,0,0|      =@@@@@@@@@@*:::--::::::::--=++*%@@@@@@@@@@@@@@@@@@@@@@@@@@@@@@@@@@@@@@@@@@@@@@@@@@@@@@@@@@
0,0,0|       %@@@@@@@@@@%+-::----------==+*#@@@@@@@@@@@@@@@@@@@@@@@@@@@@@@@@@@@@@@@@@@@@@@@@@@@@@@@@@@
0,0,0|       +@@@@@@@@@@@@@#-::--------==+*#%@@@@@@@@@@@@@@@@@@@@@@@@@@@@@@@@@@@@@@@@@@@@@@@@@@@@@@@@@
0,0,0|       %@@@@@@@@@@@@@@@*=--------==+*#%@@@@@@@@@@@@@@@@@@@@@@@@@@@@@@@@@@@@@@@@@@@@@@@@@@@@@@@@@
0,0,0|      *@@@@@@@@@@@@@@@@@@%=-======++*%@@@@@@@@@@@@@@@@@@@@@@@@@@@@@@@@@@@@@@@@@@@@@@@@@@@@@@@@@@
0,0,0|     #@@@@@@@@@@@@@@@@@@@@=======++*#%@@@@@@@@@@@@@@@@@@@@@@@@@@@@@@@@@@@@@@@@@@@@@@@@@@@@@@@@@@
0,0,0|   .#@@@@@@@@@@@@@@@@@@@@*-=====++**#%@@@@@@@@@@@@@@@@@@@@@@@@@@@@@@@@@@@@@@@@@@@@@@@@@@@@@@@@@@
2,2,2|   %@@@@@@@@@@+#@%%@@@@@@*-==+++++**#%@@@@@@@@@@@@@@@@@@@@@@@@@@@@@@@@@@@@@@@@@@@@@@@@@@@@@@@@@@
5,5,5|  +@@@@@@@@@@%.%@#+@@@@@@#-==+++***#%%@@@@@@@@@@@@@@@@@@@@@@@@@@@@@@@@@@@@@@@@@@@@@@@@@@@@@@@@@@
5,5,5|  *@@@@@@@@@@: +@%%@@@@@@@--=++**##%@@@@@@@@@@@@@@@@@@@@@@@@@@@@@@@@@@@@@@@@@@@@@@@@@@@@@@@@@@@@
4,4,4|  *@@@@@@@@@+ .+@@@@@@@@@@*:=+**##%@@@@@@@@@@@@@@@@@@@@@@@@@@@@@@@@@@@@@@@@@@@@@@@@@@@@@@@@@@@@@
3,3,3|  #@@@@@%@@*...@@@@@@@@@@@@--++*#%@@@@@@@@@@@@@@@@@@@@@@@@@@@@@@@@@@@@@@@@@@@@@@@@@@@@@@@@@@@@@@
4,4,4|  +@@@#**@@*..=@@@@@@@@@@@@#-+**#%@@@@@@@@@@@@@@@@@@@@@@@@@@@@@@@@@@@@@@@@@@@@@@@@@@@@@@@@@@@@@@
2,2,2|   *#=.#@%+#.-@@@@@@@@@@@@@@+=+#%@@@@@@@@@@@@@@@@@@@@@@@@@@@@@@@@@@@@@@@@@@@@@@@@@@@@@@@@@@@@@@@
1,1,1|       @@.  :@@@@@@@@@@@@@@@@=+*#%@@@@@@@@@@@@@@@@@@@@@@@@@@@@@@@@@@@@@@@@@@@@@@@@@@@@@@@@@@@@@@
1,1,1|       -+  -@@@@@@@@@@@@@@@@@#=*#%@@@@@@@@@@@@@@@@@@@@@@@@@@@@@@@@@@@@@@@@@@@@@@@@@@@@@@@@@@@@@@
1,1,1|          -@@@@@@@@@@@@@@@@@@@*+*#%@@@@@@@@@@@@@@@@@@@@@@@@@@@@@@@@@@@@@@@@@@@@@@@@@@@@@@@@@@@@@
1,1,1|         =@@@@@@@@@@@@@@@@@@@@@++**#%@@@@@@@@@@@@@@@@@@@@@@@@@@@@@@@@@@@@@@@@@@@@@@@@@@@@@@@@@@@
0,0,0|        +@@@@@@@@@@@@@@@@@@@@@@%+++*##%@@@@@@@@@@@@@@@@@@@@@@@@@@@@@@@@@@@@@@@@@@@@@@@@@@@@@@@@@
0,0,0|       *@@@@@@@@@@@@@@@@@@@@@@@@*==++*#%@@@@@@@@@@@@@@@@@@@@@@@@@@@@@@@@@@@@@@@@@@@@@@@@@@@@@@@@
0,0,0|      #@@@@@@@@@@@@@@@@@@@@@@@@@%-===+*#%@@@@@@@@@@@@@@@@@@@@@@@@@@@@@@@@@@@@@@@@@@@@@@@@@@@@@@@
0,0,0|     *@@@@@@@@@@@@@@@@@@@@@@@@@@@--==+*#%@@@@@@@@@@@@@@@@@@@@@@@@@@@@@@@@@@@@@@@@@@@@@@@@@@@@@@@
0,0,0|    .@@@@@@@@@@@@@@@@@@@@@@@@@@@@---==+*#@@@@@@@@@@@@@@@@@@@@@@@@@@@@@@@@@@@@@@@@@@@@@@@@@@@@@@@
0,0,0|    :*+#**%@@@@@@@@@@@@@@@@@@@@%#-:--==*#%@@@@@@@@@@@@@@@@@@@@@@@@@@@@@@@@@@@@@@@@@@@@@@@@@@@@@@
0,0,0|          .%%%%@@@@@@@@@%%%%@%- ...::--=+#%@@@@@@@@@@@@@@@@@@@@@@@@@@@@@@@@@@@@@@@@@@@@@@@@@@@@@
0,0,0|               *@@%=#@@=    .     ...::-+*#%@@@@@@@@@@@@@@@@@@@@@@@@@@@@@@@@@@@@@@@@@@@@@@@@@@@%
0,0,0|               %@@: -@@-            ..:-==+*%@@@@@@@@@@@@@@@@@@@@@@@@@@@@@@@@@@@@@@@@@@@@@@@@%#*
255,255,255|