47,47,47|..:..::::::---=++++++******+=--::...  .....::::--=++*#%@@@@@@@@@@@@@@@@@@@@@@@@@@@@@@@@@@@@@@@@@
44,44,44|..:::::::::--==++++****#***+==--::........:::--==++**#%@@@@@@@@@@@@@@@@@@@@@@@@@@@@@@@@@@@@@@@@@
38,38,38|..:::::::----==+++****##***+===---::.::::::---==+**##%@@@@@@@@@@@@@@@@@@@@@@@@@@@@@@@@@@@@@@@@@@
32,32,32|.....::::::--==+++***###***++==---::::::----===+**#%%@@@@@@@@@@@@@@@@@@@@@@@@@@@@@@@@@@@@@@@@@@@
78,78,78|--===-:=**=:--==+***####***++==----:::----===++**#%@@@@@@@@@@@@@@@@@@@@@@@@@@@@@@@@@@@@@@@@@@@@@
36,36,36|..:-=@@@@@#*####*+**####***+===--------====++**##%@@@@@@@@@@@@@@@@@@@@@@@@@@@@@@@@@@@@@@@@@@@@@@
29,29,29|.. .*@@@@@@@@@@@@**#####***+==-------====++**#%%@@@@@@@@@@@@@@@@@@@@@@@@@@@@@@@@@@@@@@@@@@@@@@@@
20,20,20|   :##*@@@@@@@@@@%**###***+===------==+++**##%@@@@@@@@@@@@@@@@@@@@@@@@@@@@@@@@@@@@@@@@@@@@@@@@@@
16,16,16|      .@@@@@@@@@@@%*##***++==---:---=++**##%%@@@@@@@@@@@@@@@@@@@@@@@@@@@@@@@@@@@@@@@@@@@@@@@@@@@
12,12,12|      .@@@@@@@@@@@#**#***++=--:::::-=+*##%%@@@@@@@@@@@@@@@@@@@@@@@@@@@@@@@@@@@@@@@@@@@@@@@@@@@@@
10,10,10|       +@@@@@@@@@@%#*****++=--:::::-=+*#%%@@@@@@@@@@@@@@@@@@@@@@@@@@@@@@@@@@@@@@@@@@@@@@@@@@@@@@
5,5,5|       :@@@@@@@@@@@@@%***++==-::::::-+*#%@@@@@@@@@@@@@@@@@@@@@@@@@@@@@@@@@@@@@@@@@@@@@@@@@@@@@@@
2,2,2|       +@@@@@@@@@@@@@@@#*++==--:::::-+*#%@@@@@@@@@@@@@@@@@@@@@@@@@@@@@@@@@@@@@@@@@@@@@@@@@@@@@@@
1,1,1|      =@@@@@@@@@@@@@@@@@@%++==-:::::-=*#%@@@@@@@@@@@@@@@@@@@@@@@@@@@@@@@@@@@@@@@@@@@@@@@@@@@@@@@
1,1,1|     =@@@@@@@@@@@@@@@@@@@@*===--::::-=*#%@@@@@@@@@@@@@@@@@@@@@@@@@@@@@@@@@@@@@@@@@@@@@@@@@@@@@@@
1,1,1|    *@@@@@@@@@@@@@@@@@@@@%===---::::-+*%@@@@@@@@@@@@@@@@@@@@@@@@@@@@@@@@@@@@@@@@@@@@@@@@@@@@@@@@
1,1,1|   *@@@@@@@@@@@@@@@@@@@@@#==--------=+#%@@@@@@@@@@@@@@@@@@@@@@@@@@@@@@@@@@@@@@@@@@@@@@@@@@@@@@@@
5,5,5|  =@@@@@@@@@@@*@@@%@@@@@@%===------=+*##@@@@@@@@@@@@@@@@@@@@@@@@@@@@@@@@@@@@@@@@@@@@@@@@@@@@@@@@
6,6,6|  *@@@@@@@@@@*=%@@@@@@@@@@+===----==+*#%@@@@@@@@@@@@@@@@@@@@@@@@@@@@@@@@@@@@@@@@@@@@@@@@@@@@@@@@
4,4,4|  *@@@@@@@@@@.=-@@@@@@@@@@*====-----=+#%@@@@@@@@@@@@@@@@@@@@@@@@@@@@@@@@@@@@@@@@@@@@@@@@@@@@@@@@
0,0,0|  %@@@@@@@@@=  +@@@@@@@@@@@=====----=+*%@@@@@@@@@@@@@@@@@@@@@@@@@@@@@@@@@@@@@@@@@@@@@@@@@@@@@@@@
1,1,1|  %@@@%-**@@. :@@@@@@@@@@@@*-===----=+*#@@@@@@@@@@@@@@@@@@@@@@@@@@@@@@@@@@@@@@@@@@@@@@@@@@@@@@@@
2,2,2|  :*=-. +@%%- %@@@@@@@@@@@@@=-------==+#%@@@@@@@@@@@@@@@@@@@@@@@@@@@@@@@@@@@@@@@@@@@@@@@@@@@@@@@
1,1,1|       .@@.  #@@@@@@@@@@@@@@#:------===+#%@@@@@@@@@@@@@@@@@@@@@@@@@@@@@@@@@@@@@@@@@@@@@@@@@@@@@@
1,1,1|        +#  #@@@@@@@@@@@@@@@@+:------===+*%@@@@@@@@@@@@@@@@@@@@@@@@@@@@@@@@@@@@@@@@@@@@@@@@@@@@@
1,1,1|          .%@@@@@@@@@@@@@@@@@@---------==+*#%@@@@@@@@@@@@@@@@@@@@@@@@@@@@@@@@@@@@@@@@@@@@@@@@@@@
0,0,0|         :@@@@@@@@@@@@@@@@@@@@*:---------==+*%@@@@@@@@@@@@@@@@@@@@@@@@@@@@@@@@@@@@@@@@@@@@@@@@@@
0,0,0|        -@@@@@@@@@@@@@@@@@@@@@@=:-----::::--=+#%@@@@@@@@@@@@@@@@@@@@@@@@@@@@@@@@@@@@@@@@@@@@@@@@
0,0,0|       =@@@@@@@@@@@@@@@@@@@@@@@%::::::::::::--=*#%@@@@@@@@@@@@@@@@@@@@@@@@@@@@@@@@@@@@@@@@@@@@@@
0,0,0|      +@@@@@@@@@@@@@@@@@@@@@@@@@=:::::::::::::-=+*#%@@@@@@@@@@@@@@@@@@@@@@@@@@@@@@@@@@@@@@@@@@@@
0,0,0|     =@@@@@@@@@@@@@@@@@@@@@@@@@@*:----:::::::::-=++*#%@@@@@@@@@@@@@@@@@@@@@@@@@@@@@@@@@@@@@@@@@@
0,0,0|     @@@@@@@@@@@@@@@@@@@@@@@@@@@#======----::::--===+#%@@@@@@@@@@@@@@@@@@@@@@@@@@@@@@@@@@@@@@@@@
0,0,0|    :%%@%@@@@@@@@@@@@@@@@@@@@@@@#++++++++==---------=+*#%@@@@@@@@@@@@@@@@@@@@@@@@@@@@@@@@@@@@@@@
0,0,0|          *@@@@@@@@@@@@@@@@@@%*+++++++*++++==---------=+*#%@@@@@@@@@@@@@@@@@@@@@@@@@@@@@@@@@@@@@
0,0,0|           ....*@@@*#@@#:-==+==++++*****++++==--::::::--=+*%@@@@@@@@@@@@@@@@@@@@@@@@@@@@@@@@@@@@
0,0,0|               *@@+ :@@+ .:::-=++++****+++===--:::....::-==+#%@@@@@@@@@@@@@@@@@@@@@@@@@@@@@@@@@@
255,255,255|