2,2,2|   .::-=++++***++#@@@@@@%*===-----=+***+=::-=-::-=+++=-::...:=*%@@@@@@@@@@@@%@@@@@%#=-:-===-:.  
2,2,2|   ::::=++=-=====*@@@@@@@#+++======+*##+-::-==--=+***+=--:.:-=*%@@@@@@@@@@@@@@@@@@@#+---=++-:.  
2,2,2|  .:---=+=------=*@@@@@@@@###*****###%#+---=++===+**+*+==--:-=+#@@@@@@@@@@@@@@@@@@@#+=-=++=-:.  
2,2,2|   :-==++=-::::-=#@@@@@@@@@@@@@@@@@@@%*+=+****+==*#*+#***+=-=+*%@@@@@@@@@@@@@@@@@@@#**+=++=-.   
1,1,1|   .:=***+=-----*@@@@@@@@@@@@@@@@@@@@#**+*###*==++***####*+++*%@@@@@@@@@@@@@@@@@@@@%%%*+++-:.   
1,1,1|   .:-=+++++=+**%@@@@@@@@@@@@@@@@@@@%**++*%#*+===++*###%@@%#%@@@@@@@@@@@@@@@@@@@@@@@@@%#*+-:.   
2,2,2|   ..:::-++++*#@@@@@@@@@@@@@@@@@@@@@%*++*#%%*=::--==+*#@@@@@@@@@@@@@@@@@@@@@@@@@@@@@@@%%#+-:...:
3,3,3|   .:--:-=+++*%@@@@@@@@@@@@@@@@@@@@@@#***%@%*=:..:::-=#@@@@@@@@@@@@@@@@@@@@@@@@@@@@@@@%%*=-:..::
12,12,12|  .:-=++==*#%@@@@@@@@@@@@@@@@@@@@@@@@%###@@#+-......:-*%@@@@@@@@@@@@@@@@@@@@@@@@@@@@@@@%*=-:..::
42,42,42|...-=*####%@@@@@@@@@@@@@@@@@@@@@@@@@@@@@@@@#+-..   .:=#@@@@@@@@@@@@@@@@@@@@@@@@@@@@@@@@%*=:.....
81,81,81|-::-+*#%%@@@@@@@@@@@@@@@@@@@@@@@@@@@@@@@@@@#+=:.  .:-=#@@@@@@@@@@@@@@@@@@@@@@@@@@@@@@@@@*=:..   
104,104,104|=====+###@@@@@@@@@@@@@@@@@@@@@@@@@@@@@@@@@@%#+-.  .:-==*@@@@@@@@@@@@@@@@@@@@@@@@@@@%%@@%*-:.    
88,88,88|--====*#%@@@@@@@@@@@@@@@@@@@@@@@@@@@@@@@@@@@%+:   ..:=+*@@@@@@@@@@@@@@@@@@@@@@@@%#***%%+=:.     
67,67,67|::--==+#%%@@@@@@@@@@@@@@@@@@@@@@@@@@@@@@@@@@%+-:. .-*%@@@@@@@@@@@@@@@@@@@@@@@@@@#+===*+-.       
53,53,53|:::::-=+*#%@@@@@@@@@@@@@@@@@@@@@@@@@@@@@@@@@@@@@@%%@@@@@@@@@@@@@@@@@@@@@@@@@@@@@#+++=+=:        
13,13,13|    ..:::=*@@@@@@@@@@@@@@@@@@@@@@@@@@@@@@@@@@@@@@@@@@@@@@@@@@@@@@@@@@@@@@@@@@@@@@%#*++-.        
2,2,2|     .::::=%@@@@@@@@@@@@@@@@@@@@@@@@@@@@@@@@@@@@@@@@@@@@@@@@@@@@@@@@@@@@@@@@@@@@@@%*+=:.        
2,2,2|   ..:-==++#@@@@@@@@@@@@@@@@@@@@@@@@@@@@@@@@@@@@@@@@@@@@@@@@@@@@@@@@@@@@@@@@@@@@@@@%*-.         
1,1,1|   .:-+**#**%@@@@@@@@@@@@@@@@@@@@@@@@@@@@@@@@@@@@@@@@@@@@@@%@@@@@@@@@@@@@@@@@@@@@@%*-.          
0,0,0|    .:=++***#@@@@@@@@@@@@@@@@@@@@@@@@@@@@@@@@@@@@@@@@@@@@@@%#@@@@@@@@@@@@@@@@@@%*+-.            
0,0,0|      .:--==#@@@@@@@@@@@@@@@@@@@@@@@@@@@@@@@@@@@@@@@@@@@@@@@%@@@@@@@@@@@@@@@%#*+-.              
0,0,0|            -#@@@@@@@@@@@@@@@@@@@@%%@@@@@@@@@@@@@@@@@@@@@@@#*@@@@@@@@@@@@@@@@@@@@@.             
0,0,0|              .%@@@@@@@@@@@@@%%#**-=@@@@@@@@@@@@@@@@@@@@@@@*=%@@@@@@@@@@@@@@@@@@*=              
0,0,0|               :@@@@@@@@@@@@@+==-: +@@@@@@@@@@@@@@@@@@@@@@@%-+#@@@@@@@@@@@@@@@%:                
0,0,0|                .*%@@@@@@@@@@@*-:. #@@@@@@@@@@@@@@@@@@@@@@@@--*@@@@@@@@@@@@@@+                  
0,0,0|                   .=@@@@@@@@@@+  .@@@@@@@@@@@@@@@@@@@@@@@@@-.%@@@@@@@@@@**=:                   
0,0,0|                    *@@@@@@@@@@%  :@@@@@@@@@@@@@@@@@@@@@@@@@=:@@@@@@@@@@@=                      
0,0,0|                   .@@@@@@@@@@@@. -@@@@@@@@@@@@@@@@@@@@@@@@@+-@@@@@@@@@@@#                      
0,0,0|                    +@@@@@@@@@@@+=#@@@@@@@@@@@@@@@@@@@@@@@@@*=@@@@@@@@@@@-                      
0,0,0|                     +@@@@@@@@@@@@@@@@@@@@@@@@@@@@@@@@@@@@@@@@@@@@@@@@@@=                       
0,0,0|                      +@@@@@@@@@@@@@@@@@@@@@@@@@@@@@@@@@@@@@@@@@@@@@@@@+                        
0,0,0|                       #@@@@@@@@@@@@@@@@@@@@@@@@@@@@@@@@@@@@@@@@@@@@@@%                         
0,0,0|                       :@@@@@@@@@@@@@@@@@@@@@@@@@@@@@@@@@@@@@@@@@@@@@@=                         
0,0,0|                        #@@@@@@@@@@@@@@@@@@@@@@@@@@@@@@@@@@@@@@@@@@@@@                          
0,0,0|                        .@@@@@@@@@@@@@@@@@@@@@@@@@@@@@@@@@@@@@@@@@@@@*                          
0,0,0|                         :#@@@@@%@@@@@@@@@@@@@@@@@@@@@@@@@@@@@@@@@@@@:                          
255,255,255|