1,1,1|      .:+*#*#%@@@%@@@@@@@#++=+===-==+***+=++++-:::--=-:..  .-+*%@@@@@@@@@%###%@@%*=:...:::.     
1,1,1|     ..:+##*##%%#*%@@@@@@%*++++==-=+##%#+=====-::--=+-::....-=+%@@@@@@@@@@%#%@@@@%+-..:---:.    
1,1,1|     .:-+**++*#*++#@@@@@@@#***++++*%@@@*+====-:::-==++=-::::-+*@@@@@@@@@@@@%@@@@@@*-:.:-=-:.    
2,2,2|    ..-=+**+=====+%@@@@@@@%#######%@@@@#++*+=--:-=+=*#**+=--=+#@@@@@@@@@@@@@@@@@@@*=-:-==-:.    
1,1,1|     .-+*##+=====*@@@@@@@@@@@@@@@@@@@@@%****+=---=***##%#*==+*%@@@@@@@@@@@@@@@@@@@#+=--++-:.    
0,0,0|     .:=+***=====*@@@@@@@@@@@@@@@@@@@@%#*##*+-:-=+*###%@@%*+*#@@@@@@@@@@@@@@@@@@@@@%*==++=:.    
1,1,1|     ..:-=**+==+*#@@@@@@@@@@@@@@@@@@@@#*#%%#+-::-=+**#%@@@#++#@@@@@@@@@@@@@@@@@@@@@@%*+*=-:..:::
1,1,1|      ...:+#*++#@@@@@@@@@@@@@@@@@@@@@%##%@@#+-:.:-===*%@@@%#%@@@@@@@@@@@@@@@@@@@@@@@%***=:::----
11,11,11|    ..:::-+###%@@@@@@@@@@@@@@@@@@@@@@@@@@@@#+-..::::-+#%@@@@@@@@@@@@@@@@@@@@@@@@@@@@@#*+-------:
50,50,50|.. .:-==+**%%@@@@@@@@@@@@@@@@@@@@@@@@@@@@@@*-:.....:-+#@@@@@@@@@@@@@@@@@@@@@@@@@@@@@@#*+=------:
91,91,91|--::-=+***%@@@@@@@@@@@@@@@@@@@@@@@@@@@@@@@%=-:..  .:-=*%@@@@@@@@@@@@@@@@@@@@@@@@@@@@@@#+-----:..
106,106,106|=-=====**+%@@@@@@@@@@@@@@@@@@@@@@@@@@@@@@@#*+-.    .:-+%@@@@@@@@@@@@@@@@@@@@@@@@@@@@@@#=::::..  
105,105,105|=-==+==+**#@@@@@@@@@@@@@@@@@@@@@@@@@@@@@@@@@#=-.. .-*#@@@@@@@@@@@@@@@@@@@@@@@@@@@@%@@%*-..      
93,93,93|---===++*#%%@@@@@@@@@@@@@@@@@@@@@@@@@@@@@@@@@@@@@%%@@@@@@@@@@@@@@@@@@@@@@@@@@@@%%#**%*=.        
42,42,42|.:::::-=++*#@@@@@@@@@@@@@@@@@@@@@@@@@@@@@@@@@@@@@@@@@@@@@@@@@@@@@@@@@@@@@@@@@@@******=:         
1,1,1|    ...::::=#@@@@@@@@@@@@@@@@@@@@@@@@@@@@@@@@@@@@@@@@@@@@@@@@@@@@@@@@@@@@@@@@@@%***+=:.         
0,0,0|      ..:::-*@@@@@@@@@@@@@@@@@@@@@@@@@@@@@@@@@@@@@@@@@@@@@@@@@@@@@@@@@@@@@@@@@@@%#*=-.          
0,0,0|     ..:=++**%@@@@@@@@@@@@@@@@@@@@@@@@@@@@@@@@@@@@@@@@@@@@@@@@@@@@@@@@@@@@@@@@@@@%*=.           
3,3,3|      :-=+*###@@@@@@@@@@@@@@@@@@@@@%@@@@@@@@@@@@@@@@@@@@@@@%@@@@@@@@@@@@@@@@@@@@#*=:            
2,2,2|       .:-=++#@@@@@@@@@@@@@@@@@@@@@@@@@@@@@@@@@@@@@@@@@@@@@%*@@@@@@@@@@@@@@@@%*=:.              
0,0,0|          ...*@@@@@@@@@@@@@@@@@@@@@#@@@@@@@@@@@@@@@@@@@@@@@*+%@@@@@@@@@@@@@@@@%@%:              
0,0,0|              .=@@@@@@@@@@%@@%%%%#+=@@@@@@@@@@@@@@@@@@@@@@@+-*@@@@@@@@@@@@@@@@@%*:              
0,0,0|                +@@@@@@@@@@@@#==--.=@@@@@@@@@@@@@@@@@@@@@@@#:+*%@@@@@@@@@@@@@@=                 
0,0,0|                 =%@@@@@@@@@@@+:.. *@@@@@@@@@@@@@@@@@@@@@@@%:-+@@@@@@@@@@@@@%:                  
0,0,0|                   :=%@@@@@@@@@*   #@@@@@@@@@@@@@@@@@@@@@@@@:.%@@@@@@@@@%#*-                    
0,0,0|                     %@@@@@@@@@@:  @@@@@@@@@@@@@@@@@@@@@@@@@:-@@@@@@@@@@#.                      
0,0,0|                    +@@@@@@@@@@@: .@@@@@@@@@@@@@@@@@@@@@@@@@-=@@@@@@@@@@@-                      
0,0,0|                    .@@@@@@@@@@@*-*@@@@@@@@@@@@@@@@@@@@@@@@@=+@@@@@@@@@@%                       
0,0,0|                     :@@@@@@@@@@@@@@@@@@@@@@@@@@@@@@@@@@@@@@@@@@@@@@@@@@.                       
0,0,0|                      .@@@@@@@@@@@@@@@@@@@@@@@@@@@@@@@@@@@@@@@@@@@@@@@@:                        
0,0,0|                       -@@@@@@@@@@@@@@@@@@@@@@@@@@@@@@@@@@@@@@@@@@@@@@*                         
0,0,0|                        #@@@@@@@@@@@@@@@@@@@@@@@@@@@@@@@@@@@@@@@@@@@@@.                         
0,0,0|                        :@@@@@@@@@@@@@@@@@@@@@@@@@@@@@@@@@@@@@@@@@@@@*                          
0,0,0|                         *@@@@@@@@@@@@@@@@@@@@@@@@@@@@@@@@@@@@@@@@@@@-                          
0,0,0|                          =%@@@@%@@@@@@@@@@@@@@@@@@@@@@@@@@@@@@@@@@@%                           
0,0,0|                            .::..@@@@@@@@@@@@@@@@@@@@@@@@@@@@@@@@@@#.                           
255,255,255|