61,61,61|::::...:-=+*****#@@@#%@@@@@@@%%#***+++=-::-==+***+====+***##%@@@@@@@@@@@@%%##%%%*+=::-==*#%##*+=
72,72,72|:---:.::=*##%%%#%@@@@@@@@@@@@@@@@%#*++=-::-=+****+==++*##*#%@@@@@@@@@@@@@%#*+*#**+=--=++#@@@%%*=
87,87,87|-===-:--+*%@@@@%@@@@@@@@@@@@@@@@@@%#*+=-:--==+**++++=+#%%#*%@@@@@@@@@@@@@%#*++++*+=-=*+*%@@@@%*=
101,101,101|-=++===+*#%@@@@%%@@@@@@@@@@@@@@@@@@%*+=-----=+##++++++#%@%#@@@@@@@@@@@@@@%#**+=+++==+***%@@@%#=-
115,115,115|=+****+*#%@@@@%#%@@@@@@@@@@@@@@@@@@%#+=--=-==+**+++++*#%@@@@@@@@@@@@@@@@%%%%##++==++*###%@@%#*=:
106,106,106|=*######%%@%%%###@@@@@@@@@@@@@@@@@@@#+--=--==+*++===+*#%@@@@@@@@@@@@@@@@%@@@@%*+=+++*##*####*+=:
99,99,99|-*#%%%@@@@@%%%%##@@@@@@@@@@@@@@@@@@@%*++=--==+++===+**##@@@@@@@@@@@@@@@%@@@@@@%*+***********++=:
108,108,108|=*%@@@@@@@@@@@%#%@@@@@@@@@@@@@@@@@@@%#**+=======-=+###*#%@@@@@@@@@@@@@%%@@@@@@@%###+++===+**++=-
109,109,109|=*%@@@@@@@@@@@@%@@@@@@@@@@@@@@@@@@@@%##**+++=====*#%%##%%@@@@@@@@@@@@@@@@@@@@@@@@%#++=---=+***+-
101,101,101|-+#%@@@@@@@@@@@@@@@@@@@@@@@@@@@@@@@@#####*++++++*%%%%%%%@@@@@@@@@@@@@@@@@@@@@@@@@@%*+=::-=*###+-
87,87,87|-=+#@@@@@@@@@@@@@@@@@@@@@@@@@@@@@@@@%##%#***+++*#%%#***#%@@@@@@@@@@@@@@@@@@@@@@@@@@#*+--=+****+-
84,84,84|--+*#%@@@@@@@@@@@@@@@@@@@@@@@@@@@@@@@@@@%#*++++#%%#*+==+#@@@@@@@@@@@@@@@@@@@@@@@@@@@%*+=+****+=:
77,77,77|--=+*%%%@@@@@@@@@@@@@@@@@@@@@@@@@@@@@@@@%#+===+*#**+=-==+%@@@@@@@@@@@@@@@@@@@@@@@@@@@@%*****+=:.
47,47,47|.:-=+#%@@@@@@@@@@@@@@@@@@@@@@@@@@@@@@@@@#*=---==+++==-==+%@@@@@@@@@@@@@@@@@@@@@@@@@@@@@@##*+=:. 
26,26,26|..:==*%@@@@@@@@@@@@@@@@@@@@@@@@@@@@@@@@#+=--::::-==-====+#@@@@@@@@@@@@@@@@@@@@@@@@@@@@@@%#*+-.  
19,19,19| .:-=+#@@@@@@@@@@@@@@@@@@@@@@@@@@@@@@@*=-::--::--=--=====+@@@@@@@@@@@@@@@@@@@@@@@@@@@@@@%*+-:   
34,34,34|..:-=+#@@@@@@@@@@@@@@@@@@@@@@@@@@@@@@@#+=---------::-=+**#@@@@@@@@@@@@@@@@@@@@@@@@@@@@@@#+=:.   
55,55,55|::-=+**%@@@@@@@@@@@@@@@@@@@@@@@@@@@@@@@@@@@%##%%%#*#%@@@@@@@@@@@@@@@@@@@@@@@@@@@@@@@@@@#+-:.    
78,78,78|--=+*#%@@@@@@@@@@@@@@@@@@@@@@@@@@@@@@@@@@@@@@@@@@@@@@@@@@@@@@@@@@@@@@@@@@@@@@@@@@@@@@@#*=-:.    
114,114,114|==++*#%@@@@@@@@@@@@@@@@@@@@@@@@@@@@@@@@@@@@@@@@@@@@@@@@@@@@@@@@@@@@@@@@@@@@@@@@@@@@@@%*+-:..    
94,94,94|-===+**#%@@@@@@@@@@@@@@@@@@@@@@@@@@@@@@@@@@@@@@@@@@@@@@@@@@@@@@@@@@@@@@@@@@@@@@@@@@@@#+=:..     
48,48,48|.:--==*##%@@@@@@@@@@@@@@@@@@@@@@@@@@@@@@@@@@@@@@@@@@@@@@@@@@@@@@@@@@@@@@@@@@@@@@@@@@#+=:..      
22,22,22| .::::-=*#%@@@@@@@@@@@@@@@@@@@@@@@@@@@@@@@@@@@@@@@@@@@@@@@@@@@@@@@@@@@@@@@@@@@@@@@%*=-:..       
4,4,4|   ...::-=#@@@@@@@@@@@@@@@@@@@@@@@@@@@@@@@@@@@@@@@@@@@@@@@@@@@@@@@@@@@@@@@@@@@@@@@*=:.          
4,4,4|     ..::*@@@@@@@@@@@@@@@@@@@@@@@@@@@@@@@@@@@@@@@@@@@@@@@@@@@@@@@@@@@@@@@@@@@@@@@%+-.           
1,1,1|         *@@@@@@@@@@@@@@@@@@@@@@@@@@@@@@@@@@@@@@@@@@@@@@@@@@%@@@@@@@@@@@@@@@@@@@@@@@*           
0,0,0|          .+@@@@@@@@@@@@@@@@%@@@@@%@@@@@@@@@@@@@@@@@@@@@@@@@#%@@@@@@@@@@@@@@@@@@@@@@%           
0,0,0|            *@@@@@@@@@@@@@@%++***+*@@@@@@@@@@@@@@@@@@@@@@@@@*+#%@@@@@@@@@@@@@@@@@@#.            
0,0,0|             +@@@@@@@@@@@@@@%+-::.+@@@@@@@@@@@@@@@@@@@@@@@@@*.-*@@@@@@@@@@@@@@@@@=              
0,0,0|              .=#@@@@@@@@@@@@@+   *@@@@@@@@@@@@@@@@@@@@@@@@@% :@@@@@@@@@@@@@@@%=                
0,0,0|                  +@@@@@@@@@@@@   %@@@@@@@@@@@@@@@@@@@@@@@@@@ #@@@@@@@@@@@%=:.                  
0,0,0|                  @@@@@@@@@@@@@.  @@@@@@@@@@@@@@@@@@@@@@@@@@@:%@@@@@@@@@@@@.                    
0,0,0|                 .@@@@@@@@@@@@@=-+@@@@@@@@@@@@@@@@@@@@@@@@@@@=@@@@@@@@@@@@@:                    
0,0,0|                  =@@@@@@@@@@@@@@@@@@@@@@@@@@@@@@@@@@@@@@@@@@%@@@@@@@@@@@@*                     
0,0,0|                   -@@@@@@@@@@@@@@@@@@@@@@@@@@@@@@@@@@@@@@@@@@@@@@@@@@@@@*                      
0,0,0|                    :@@@@@@@@@@@@@@@@@@@@@@@@@@@@@@@@@@@@@@@@@@@@@@@@@@@%                       
255,255,255|