222,222,222|%@@@@@@@@%###%@@@@@@@@#+====++*#@@@@@@@@@@@@@@@%#*+=::=*#@@@@@@@@@@@@@@@@@@@@@@@@@@@@@@%#*+++*++
218,218,218|%@@@@@@@@%#**#@@@@@@@@#*+===++*#@@@@@@@@@@@@@@@@#++-..-*%@@@@@@@@@@@@@@@@@@@@@@@@@@@@@@%#*++++++
216,216,216|%@@@@@@%%#*++#%@@@@@@@%**++++**#@@@@@@@@@@@@@@@@#+=: :-+#%@@@@@@@@@@@@@@@@@@@@@@@@@@@@@%#****++=
208,208,208|%%@@@@%#*+==+*%@@@@@@@@#**++***#@@@@@@@@@@@@@@@@#=-:.:-+*#@@@@@@@@@@@@@@@@@@@@@@@@@@@@@@%###**+=
185,185,185|##%%%##*+=--=+%@@@@@@@@@%%****#%@@@@@@@@@@@@@@@%*=::..:=+*%@@@@@@@@@@@@@@@@@@@@@@@@@@@@@@%%##*+=
153,153,153|**#####*+---=*%@@@@@@@@@@@%###%@@@@@@@@@@@@@@@@%+-::..:=+*%@@@@@@@@@@@@@@@@@@@@@@@@@@@@@@@@@%#**
137,137,137|+***###*+===+*%@@@@@@@@@@@@@%%@@@@@@@@@@@@@@@@@#=:...::=+*%@@@@@@@@@@@@@@@@@@@@@@@@@@@@@@@@@@@%#
127,127,127|=+*####**++**%@@@@@@@@@@@@@@@@@@@@@@@@@@@@@@@@@#=:.:::-=*#%@@@@@@@@@@@@@@@@@@@@@@@@@@@@@@@@@@@@%
104,104,104|==+**#%%##%@@@@@@@@@@@@@@@@@@@@@@@@@@@@@@@@@@@@#+=----+*%@@@@@@@@@@@@@@@@@@@@@@@@@@@@@@@@@@@@@@%
103,103,103|===+*#@@@@@@@@@@@@@@@@@@@@@@@@@@@@@@@@@@@@@@@@@%#*+==+#@@@@@@@@@@@@@@@@@@@@@@@@@@@@@@@@@@@@@@@@@
124,124,124|=+++*%@@@@@@@@@@@@@@@@@@@@@@@@@@@@@@@@@@@@@@@@@@@%#**#@@@@@@@@@@@@@@@@@@@@@@@@@@@@@@@@@@@@@@@@@@
144,144,144|+++**%@@@@@@@@@@@@@@@@@@@@@@@@@@@@@@@@@@@@@@@@@@@@@@@@@@@@@@@@@@@@@@@@@@@@@@@@@@@@@@@@@@@@@@@@@@
154,154,154|*++*#%@@@@@@@@@@@@@@@@@@@@@@@@@@@@@@@@@@@@@@@@@@@@@@@@@@@@@@@@@@@@@@@@@@@@@@@@@@@@@@@@@@@@@@@@@@
165,165,165|****#@@@@@@@@@@@@@@@@@@@@@@@@@@@@@@@@@@@@@@@@@@@@@@@@@@@@@@@@@@@@@@@@@@@@@@@@@@@@@@@@@@@@@@@@@@@
172,172,172|*#*#%@@@@@@@@@@@@@@@@@@@@@@@@@@@@@@@@@@@@@@@@@@@@@@@@@@@@@@@@@@@@@@@@@@@@@@@@@@@@@@@@@@@@@@@@@@@
169,169,169|*##%@@@@@@@@@@@@@@@@@@@@@@@@@@@@@@@@@@@@@@@@@@@@@@@@@@@@@@@@@@@@@@@@@@@@@@@@@@@@@@@@@@@@@@@@@@@@
169,169,169|*#%@@@@@@@@@@@@@@@@@@@@@@@@@@@@@@@@@@@@@@@@@@@@@@@@@@@@@@@@@@@@@@@@@@@@@@@@@@@@@@@@@@@@@@@@@@@@@
168,168,168|*%@@@@@@@@@@@@@@@@@@@@@@@@@@@@@@@@@@@@@@@@@@@@@@@@@@@@@@@@@@@@@@@@@@@@@@@@@@@@@@@@@@@@@@@@@@@@@%
157,157,157|*%@@@@@@@@@@@@@@@@@@@@@@@@@@@@@@@@@@@@@@@@@@@@@@@@@@@@@@@@@@@@@@@@@@@@@@@@@@@@@@@@@@@@@@@@@@@@@#
137,137,137|+#@@@@@@@@@@@@@@@@@@@@@@@@@@@@@@@@@@@@@@@@@@@@@@@@@@@@@@@@@@@@@@@@@@@@@@@@@@@@@@@@@@@@@@@@@@@@@%
128,128,128|+#@@@@@@@@@@@@@@@@@@@@@@@@@@@@@@@@@@@@@@@@@@@@%%###%@@@@@@@@@@@@@@@@@@@@@@@@@@@@@@@@@@@@@@@@@@@%
120,120,120|=*%@@@@@@@@@@@@@@@@@@@@@@@@@@@@@@@@@@@@@@@@@@%%#*+++*%@@@@@@@@@@@@@@@@@@@@@@@@@@@@@@@@@@@@@@@@@%
133,133,133|++*%@@@@@@@@@@@@@@@@@@@@@@@@@@@@@@@@@@@@@@@@@@@#*=--=*%@@@@@@@@@@@@@@@@@@@@@@@@@@@@@@@@@@@@@@@@%
116,116,116|===*#@@@@@@@@@@@@@@@@@@@@@@@@@@@@@@@@@@@@@@@@@@#+-::-=#@@@@@@@@@@@@@@@@@@@@@@@@@@@@@@@@@@@@@@@@#
98,98,98|--==+#%@@@@@@@@@@@@@@@@@@@@@@@@@@@@@@@@@@@@@@%#*-...:-=+#@@@@@@@@@@@@@@@@@@@@@@@@@@@@@@@@@@@@@#*
69,69,69|:::---=#@@@@@@@@@@@@@@@@@@@@@@@@@@@@@@@@@@@@#*=-.    .-+#@@@@@@@@@@@@@@@@@@@@@@@@@@@@@@@@@@@@%*+
43,43,43|.......-*@@@@@@@@@@@@@@@@@@@@@@@@@@@@@@@@@@@#**+=::-+#@@@@@@@@@@@@@@@@@@@@@@@@@@@@@@@@@@@@@@%*+=
52,52,52|:.::...:=#@@@@@@@@@@@@@@@@@@@@@@@@@@@@@@@@@@@@@@@@@@@@@@@@@@@@@@@@@@@@@@@@@@@@@@@@@@@@@@@@@@%#+-
76,76,76|:----::-=+%@@@@@@@@@@@@@@@@@@@@@@@@@@@@@@@@@@@@@@@@@@@@@@@@@@@@@@@@@@@@@@@@@@@@@@@@@@@@@@@@@%#+=
65,65,65|::::::::-=*#@@@@@@@@@@@@@@@@@@@@@@@@@@@@@@@@@@@@@@@@@@@@@@@@@@@@@@@@@@@@@@@@@@@@@@@@@@@@@@%#*+=-
33,33,33|.     .::-=+*%@@@@@@@@@@@@@@@@@@@@@@@@@@@@@@@@@@@@@@@@@@@@@@@@@@@@@@@@@@@@@@@@@@@@@@@@%%#*++=--:
11,11,11|      ..:::-=+*%%@@@@@@@@@@@@@@@@@@@@@@@@@@@@@@@@@@@@@@@@@@%%@@@@@@@@@@@@@@@@@@@@@@@@%#*=--::...
3,3,3|       ....::-===+*#%@@%%###%%%@@@@@@@@@@@@@@@@@@@@@@@@@@@@@++#%@@@@@@@@@@@@@@@@@@@@%#*=:..     
4,4,4|            ..::.:-=+++========++*@@@@@@@@@@@@@@@@@@@@@@@@@@@-=+**#####**##%%%%######*+=.       
3,3,3|                ...::::::.....:::*@@@@@@@@@@@@@@@@@@@@@@@@@@@-::---------=========+++=-:.       
1,1,1|                  ......         =@@@@@@@@@@@@@@@@@@@@@@@@@@@. .........:::::...::::::.         
255,255,255|