50,50,50|.:--::...::-=++#%@@@%%@@@@@%#*+++*+++=-:::-+**###*=--------=+#@@@@@@@@@@@@@@@@@@%*+===+***#**+=:
47,47,47|.:---::.:-=+*##%@@@@@@@@@@@@%#####**+=-:::-*####*+=---=+=-=+#@@@@@@@@@@@@@@%@%%%%*===+**%@@@%*=:
43,43,43|.:----::-=+*#%%%@@@@@@@@@@@@@%%%@@%%*=-:::-+#%%#+=---=+**=-*@@@@@@@@@@@@@@%######*==+**#@@@@%*=:
47,47,47|.:------=+*%%@@@@@@@@@@@@@@@@@@@@@@@#=----=+#%%*=----=*#%*=#@@@@@@@@@@@@@@%*****#*++#%%@@@@@%*-:
51,51,51|:-=======*#%%%%@@@@@@@@@@@@@@@@@@@@%#+---==+#%#+=-::-+*%%@@@@@@@@@@@@@@@@@%#####****%@@@@@@@#+-.
53,53,53|:-=+++++*#%%%%%@@@@@@@@@@@@@@@@@@@@%#+===-=+##*+--:.:=*%@@@@@@@@@@@@@@@@@@%%%#######%@@@@@@%*=:.
65,65,65|:=*##%%#%@@@@@@@@@@@@@@@@@@@@@@@@@@@%#*+=-=+**+=-:::-=*%@@@@@@@@@@@@@@@@@@@@@@%##%@%@@@@@@@#*=:.
64,64,64|:=*%@@@@%@@@@@@@@@@@@@@@@@@@@@@@@@@@@@%*==+**+=-::-=++*%@@@@@@@@@@@@@@@@@@@@@@%##@%%@@%%%@%#*=:.
55,55,55|:=*%@@@@@@@@@@@@@@@@@@@@@@@@@@@@@@@@@@@%#****+=---==+*#%@@@@@@@@@@@@@@@@@@@@@@@@%@%%%#**#%%%#+-.
53,53,53|:=*%@@@@@@@@@@@@@@@@@@@@@@@@@@@@@@@@@@@%%###*+++++++++*@@@@@@@@@@@@@@@@@@@@@@@@@@@%#*+=+*%%%#+-.
55,55,55|:-+#@@@@@@@@@@@@@@@@@@@@@@@@@@@@@@@@@@@@%%%#***###*+--+%@@@@@@@@@@@@@@@@@@@@@@@@@@#*+=-=*#%%*+-.
56,56,56|:-+*#@@@@@@@@@@@@@@@@@@@@@@@@@@@@@@@@@@@%##**##%%*+=::=#@@@@@@@@@@@@@@@@@@@@@@@@@@#+=--=*##**=:.
49,49,49|.-=+#@@@@@@@@@@@@@@@@@@@@@@@@@@@@@@@@@@@%*++*###*==-::-=*@@@@@@@@@@@@@@@@@@@@@@@@@@#*========-. 
32,32,32|.:-+*#%@@@@@@@@@@@@@@@@@@@@@@@@@@@@@@@@%*+==+**+=-----==+@@@@@@@@@@@@@@@@@@@@@@@@@@@%#**+==--.  
14,14,14| .:-=+#%@@@@@@@@@@@@@@@@@@@@@@@@@@@@@@%*==--===--::-=++++%@@@@@@@@@@@@@@@@@@@@@@@@@@@@%#*+=-.   
9,9,9|  .:-=*%@@@@@@@@@@@@@@@@@@@@@@@@@@@@@@#*=-:-:::....:-+**#%@@@@@@@@@@@@@@@@@@@@@@@@@@@@@%*+-:    
16,16,16|  .::-+#@@@@@@@@@@@@@@@@@@@@@@@@@@@@@@@@@%%#+=+*+--+#@@@@@@@@@@@@@@@@@@@@@@@@@@@@@@@@@@%*=:.    
34,34,34|..:--=+*%@@@@@@@@@@@@@@@@@@@@@@@@@@@@@@@@@@@@@@@@@@@@@@@@@@@@@@@@@@@@@@@@@@@@@@@@@@@@@%#+:.     
65,65,65|:--=+*##%@@@@@@@@@@@@@@@@@@@@@@@@@@@@@@@@@@@@@@@@@@@@@@@@@@@@@@@@@@@@@@@@@@@@@@@@@@@@@#*=:      
81,81,81|-=++***#%@@@@@@@@@@@@@@@@@@@@@@@@@@@@@@@@@@@@@@@@@@@@@@@@@@@@@@@@@@@@@@@@@@@@@@@@@@@@#+=:       
56,56,56|:-=+++*##%@@@@@@@@@@@@@@@@@@@@@@@@@@@@@@@@@@@@@@@@@@@@@@@@@@@@@@@@@@@@@@@@@@@@@@@@@@#+-.        
26,26,26|..:--=+*#%@@@@@@@@@@@@@@@@@@@@@@@@@@@@@@@@@@@@@@@@@@@@@@@@@@@@@@@@@@@@@@@@@@@@@@@@%*=-.         
4,4,4|   ..::-=*%@@@@@@@@@@@@@@@@@@@@@@@@@@@@@@@@@@@@@@@@@@@@@@@@@@@@@@@@@@@@@@@@@@@@@@*=-:.          
0,0,0|      ..::%@@@@@@@@@@@@@@@@@@@@@@@@@@@@@@@@@@@@@@@@@@@@@@@@@@@@@@@@@@@@@@@@@@@@@@%#=            
0,0,0|        ..-*%@@@@@@@@@@@@@@@@@@@@@@@@@@@@@@@@@@@@@@@@@@@@@@@%@@@@@@@@@@@@@@@@@@@@@@@:           
0,0,0|            :@@@@@@@@@@@@@@@%%@@@@#@@@@@@@@@@@@@@@@@@@@@@@@@%@@@@@@@@@@@@@@@@@@@@@*-            
0,0,0|             :@@@@@@@@@@@@@@#++****@@@@@@@@@@@@@@@@@@@@@@@@@##@@@@@@@@@@@@@@@@@@%-              
0,0,0|              .+%@@@@@@@@@@@@@*--:=@@@@@@@@@@@@@@@@@@@@@@@@@*-*@@@@@@@@@@@@@@@%+.               
0,0,0|                 .-%@@@@@@@@@@@:  +@@@@@@@@@@@@@@@@@@@@@@@@@# #@@@@@@@@@@@%*+-.                 
0,0,0|                  .@@@@@@@@@@@@=  *@@@@@@@@@@@@@@@@@@@@@@@@@%.@@@@@@@@@@@@=                     
0,0,0|                  +@@@@@@@@@@@@+  %@@@@@@@@@@@@@@@@@@@@@@@@@%-@@@@@@@@@@@@%                     
0,0,0|                  :@@@@@@@@@@@@%+*@@@@@@@@@@@@@@@@@@@@@@@@@@@+@@@@@@@@@@@@=                     
0,0,0|                   :%@@@@@@@@@@@@@@@@@@@@@@@@@@@@@@@@@@@@@@@@@@@@@@@@@@@@*                      
0,0,0|                    .%@@@@@@@@@@@@@@@@@@@@@@@@@@@@@@@@@@@@@@@@@@@@@@@@@@#                       
0,0,0|                     .@@@@@@@@@@@@@@@@@@@@@@@@@@@@@@@@@@@@@@@@@@@@@@@@@@                        
0,0,0|                      =@@@@@@@@@@@@@@@@@@@@@@@@@@@@@@@@@@@@@@@@@@@@@@@@=                        
255,255,255|