42,42,42|.:-=+-:.....::-+#@@@@@@@@@@%*+=--++++=-:.:-*##%%%#*+-::....:=*%@@@@@@@@@@@@@@@@@@%#**++++++==-. 
35,35,35|.:-=+=-:...:--=*%@@@@@@@@@@@#**+++**+=-:::-*%@@@#**+=--:..:-+#%@@@@@@@@@@@@@@@@@@#****+****+=-. 
23,23,23| .-===--:::-=+**%@@@@@@@@@@@@%%%%%%%*=-::-=#@@@%*++=--==-.:=*%%@@@@@@@@@@@@@@@@@@#*##**%@%#*=:. 
17,17,17| .:--===--=+***#%@@@@@@@@@@@@@@@@@@%*=---=+%@@@#+==--=+*+=+#%@@@@@@@@@@@@@@@@@@@%###%%@@@@%*=:. 
18,18,18| .:-=====+*###*#@@@@@@@@@@@@@@@@@@@#*=---=*%@@%*=-::-=*###%@@@@@@@@@@@@@@@@@@@@%%%%%@@@@@@%*=:. 
26,26,26|..-=====+*%%%@@@@@@@@@@@@@@@@@@@@@@%*++===+#%%*=-:::-=*%@@@@@@@@@@@@@@@@@@@@@@@%@@@@@@@@@@%+-.  
33,33,33|.:-++*++*#%@@@@@@@@@@@@@@@@@@@@@@@@@%%#+--+###+-:.::-=#@@@@@@@@@@@@@@@@@@@@@@%%@@@@@@@@@@@%+-.  
32,32,32|.:=*#%%%%%@@@@@@@@@@@@@@@@@@@@@@@@@@@@%*+*#%##=-..:-=+#@@@@@@@@@@@@@@@@@@@@@@%%@@@@@@@@@@@#+-.  
27,27,27|.:=*%@@@@@@@@@@@@@@@@@@@@@@@@@@@@@@@@@@%#%%%%*=-::::-+#@@@@@@@@@@@@@@@@@@@@@@@@@@@@@@@@@@@#+-.  
31,31,31|.:=*%@@@@@@@@@@@@@@@@@@@@@@@@@@@@@@@@@@@@@@@#++==--::-#@@@@@@@@@@@@@@@@@@@@@@@@@@@@@@%%@@@%*=:  
34,34,34|.:=*#@@@@@@@@@@@@@@@@@@@@@@@@@@@@@@@@@@@@@@@%#**++-::=#@@@@@@@@@@@@@@@@@@@@@@@@@@@%####%@@#+-:  
45,45,45|.:-+#@@@@@@@@@@@@@@@@@@@@@@@@@@@@@@@@@@@@@%%%%%#+=-::-*%@@@@@@@@@@@@@@@@@@@@@@@@@#++=+*###*+-.  
42,42,42|.:-+#%@@@@@@@@@@@@@@@@@@@@@@@@@@@@@@@@@@%###%@#+-:::::=+%@@@@@@@@@@@@@@@@@@@@@@@@#+=-=++=---:   
28,28,28|..:=+*#@@@@@@@@@@@@@@@@@@@@@@@@@@@@@@@%#*+*#%#*=:.:::-==#@@@@@@@@@@@@@@@@@@@@@@@@@*+====-::..   
14,14,14|  .:-=*%@@@@@@@@@@@@@@@@@@@@@@@@@@@@@@%*++++++-:  .:-+**#@@@@@@@@@@@@@@@@@@@@@@@@@%##*++=:.     
7,7,7|   .:-=+%@@@@@@@@@@@@@@@@@@@@@@@@@@@@@@@@%%#+===-.:+#@@@@@@@@@@@@@@@@@@@@@@@@@@@@@@@@%*+=:.     
13,13,13|  ...:-=#@@@@@@@@@@@@@@@@@@@@@@@@@@@@@@@@@@@@@@@@@@@@@@@@@@@@@@@@@@@@@@@@@@@@@@@@@@@@%*+-.      
32,32,32|..:--===+%@@@@@@@@@@@@@@@@@@@@@@@@@@@@@@@@@@@@@@@@@@@@@@@@@@@@@@@@@@@@@@@@@@@@@@@@@@@%*=:       
41,41,41|.:-=++***#@@@@@@@@@@@@@@@@@@@@@@@@@@@@@@@@@@@@@@@@@@@@@@@@@@@@@@@@@@@@@@@@@@@@@@@@@@@#+-.       
32,32,32|.:-=++*###%@@@@@@@@@@@@@@@@@@@@@@@@@@@@@@@@@@@@@@@@@@@@@@@@@@@@@@@@@@@@@@@@@@@@@@@@%*=:.        
16,16,16| .:-==+*#%@@@@@@@@@@@@@@@@@@@@@@@@@@@@@@@@@@@@@@@@@@@@@@@@@@@@@@@@@@@@@@@@@@@@@@@@#+:.          
2,2,2|   .::--=*#@@@@@@@@@@@@@@@@@@@@@@@@@@@@@@@@@@@@@@@@@@@@@@@@@@@@@@@@@@@@@@@@@@@@%*=:.            
0,0,0|       ...-%@@@@@@@@@@@@@@@@@@@@@@%@@@@@@@@@@@@@@@@@@@@@@@@@@@@@@@@@@@@@@@@@@@@%##*:            
0,0,0|           .-#@@@@@@@@@@@@@@@@@@@@#%@@@@@@@@@@@@@@@@@@@@@@@@@@@@@@@@@@@@@@@@@@@@@@@=            
0,0,0|             .#@@@@@@@@@@@@@%#%%%#=#@@@@@@@@@@@@@@@@@@@@@@@@%@@@@@@@@@@@@@@@@@@@#:              
0,0,0|               *@@@@@@@@@@@@%*+++=-%@@@@@@@@@@@@@@@@@@@@@@@@#%@@@@@@@@@@@@@@@@@+                
0,0,0|                :=#%@@@@@@@@@@#--:-@@@@@@@@@@@@@@@@@@@@@@@@@*+%@@@@@@@@@@@@@%*-                 
0,0,0|                   :@@@@@@@@@@@*  -@@@@@@@@@@@@@@@@@@@@@@@@@*:@@@@@@@@@@@#--:                   
0,0,0|                   #@@@@@@@@@@@#  +@@@@@@@@@@@@@@@@@@@@@@@@@*:@@@@@@@@@@@@:                     
0,0,0|                   %@@@@@@@@@@@%  *@@@@@@@@@@@@@@@@@@@@@@@@@%=@@@@@@@@@@@@-                     
0,0,0|                   .%@@@@@@@@@@@+*@@@@@@@@@@@@@@@@@@@@@@@@@@@*@@@@@@@@@@@*                      
0,0,0|                    .%@@@@@@@@@@@@@@@@@@@@@@@@@@@@@@@@@@@@@@@@@@@@@@@@@@#                       
0,0,0|                      %@@@@@@@@@@@@@@@@@@@@@@@@@@@@@@@@@@@@@@@@@@@@@@@@%                        
0,0,0|                      :@@@@@@@@@@@@@@@@@@@@@@@@@@@@@@@@@@@@@@@@@@@@@@@@-                        
0,0,0|                       *@@@@@@@@@@@@@@@@@@@@@@@@@@@@@@@@@@@@@@@@@@@@@@%                         
0,0,0|                       :@@@@@@@@@@@@@@@@@@@@@@@@@@@@@@@@@@@@@@@@@@@@@@=                         
255,255,255|