121,121,121|=*%@@@@@@@@%####%@@@@@@@@@@@@@@@@@@@#*#%@@@@@#*+=-:::-*#%@@@@@@@@@@@@@@@@@@@@@@@@@@@@@##*+++==-:
144,144,144|+#@@@@@@@@@@%%%@@@@@@@@@@@@@@@@@@@@@%%@@@@@@@%*+=:::-=*%@@@@@@@@@@@@@@@@@@@@@@@@@@@@@@%%#**++=-:
168,168,168|*%@@@@@@@@%@%%@@@@@@@@@@@@@@@@@@@@@@%@@@@@@@@@#*=:::-=*%@@@@@@@@@@@@@@@@@@@@@@@@@@@@@@@@#***+=-:
199,199,199|#@@@@@@@@%%@@@@@@@@@@@@@@@@@@%@@@@@@@@@@@@@@@@%*=:..:-+%@@@@@@@@@@@@@@@@@@@@@@@@@@@@@@@%##*+=--:
215,215,215|%@@@@@@@%#%@@@@@@@@@@@@@@@@@%%%@@@@@@@@@@@@@@@#=::...:=#@@@@@@@@@@@@@@@@@@@@@@@@@@@@@@@%##*+=--:
225,225,225|%@@@@@@@@%%@@@@@@@@@@@@@@@@%%%@@@@@@@@@@@@@@@@*-:-::::=*%@@@@@@@@@@@@@@@@@@@@@@@@@@@@@@@#*++++=-
221,221,221|%@@@@@@@@@@@@@@@@@@@@@@@@@@%%@@@@@@@@@@@@@@@@@%*+=::::-+%@@@@@@@@@@@@@@@@@@@@@@@@@@@@@@@#*++**+=
186,186,186|##%@@@@@@@@@@@@@@@@@@@@@@@@@@@@@@@@@@@@@@@@@@@%%#+-:::-+%@@@@@@@@@@@@@@@@@@@@@@@@@@@@@@@%***#**+
168,168,168|**#@@@@@@@@@@@@@@@@@@@@@@@@@@@@@@@@@@@@@@@@@@@#**+=--==*%@@@@@@@@@@@@@@@@@@@@@@@@@@@@@@@@%##%#*=
154,154,154|**#@@@@@@@@@@@@@@@@@@@@@@@@@@@@@@@@@@@@@@@@@@@#*+=+===+#%@@@@@@@@@@@@@@@@@@@@@@@@@@@@@@@@@%%%#*=
129,129,129|+*#%@@@@@@@@@@@@@@@@@@@@@@@@@@@@@@@@@@@@@@@@@@#**+++***#@@@@@@@@@@@@@@@@@@@@@@@@@@@@@@@@@@@@%#+=
102,102,102|=+*#@@@@@@@@@@@@@@@@@@@@@@@@@@@@@@@@@@@@@@@@@@%*+++**#%%@@@@@@@@@@@@@@@@@@@@@@@@@@@@@@@@@@@@%#+=
92,92,92|-=+*#%@@@@@@@@@@@@@@@@@@@@@@@@@@@@@@@@@@@@@@@##*****#%@@@@@@@@@@@@@@@@@@@@@@@@@@@@@@@@@@@@@@@#*=
105,105,105|===+*%@@@@@@@@@@@@@@@@@@@@@@@@@@@@@@@@@@@@@@%**#####%@@@@@@@@@@@@@@@@@@@@@@@@@@@@@@@@@@@@@@@@%*=
110,110,110|=++**#%@@@@@@@@@@@@@@@@@@@@@@@@@@@@@@@@@@@@@#*#%@@@@@@@@@@@@@@@@@@@@@@@@@@@@@@@@@@@@@@@@@@@@@%#+
105,105,105|=+*##%@@@@@@@@@@@@@@@@@@@@@@@@@@@@@@@@@@@@@@##%@@@@@@@@@@@@@@@@@@@@@@@@@@@@@@@@@@@@@@@@@@@@@@%#+
108,108,108|=+*#%@@@@@@@@@@@@@@@@@@@@@@@@@@@@@@@@@@@@@@@@@@@@@@@@@@@@@@@@@@@@@@@@@@@@@@@@@@@@@@@@@@@@@@@@%*+
96,96,96|-=*#%@@@@@@@@@@@@@@@@@@@@@@@@@@@@@@@@@@@@@@@@@@@@@@@@@@@@@@@@@@@@@@@@@@@@@@@@@@@@@@@@@@@@@@@%#+=
82,82,82|-=*#%@@@@@@@@@@@@@@@@@@@@@@@@@@@@@@@@@@@@@@@@@@@@@@@@@@@@@@@@@@@@@@@@@@@@@@@@@@@@@@@@@@@@@@%*=::
74,74,74|:=+#@@@@@@@@@@@@@@@@@@@@@@@@@@@@@@@@@@@@@@@@@@@@@@@@@@@@@@@@@@@@@@@@@@@@@@@@@@@@@@@@@@@@@@@%+=::
68,68,68|:-+#@@@@@@@@@@@@@@@@@@@@@@@@@@@@@@@@@@@@@@@@@@@@@@%#*#%@@@@@@@@@@@@@@@@@@@@@@@@@@@@@@@@@@@@@%*=:
59,59,59|:-=#@@@@@@@@@@@@@@@@@@@@@@@@@@@@@@@@@@@@@@@@@@@@%#*+++#@@@@@@@@@@@@@@@@@@@@@@@@@@@@@@@@@@@@@@*=:
37,37,37|.:-+%@@@@@@@@@@@@@@@@@@@@@@@@@@@@@@@@@@@@@@@@@@%*+=--=*#@@@@@@@@@@@@@@@@@@@@@@@@@@@@@@@@@@@@%*=:
54,54,54|:::-+#%@@@@@@@@@@@@@@@@@@@@@@@@@@@@@@@@@@@@@@@@@#+--=*%@@@@@@@@@@@@@@@@@@@@@@@@@@@@@@@@@@@@@#=:.
81,81,81|--:-=*#@@@@@@@@@@@@@@@@@@@@@@@@@@@@@@@@@@@@@@@@@@%%@@@@@@@@@@@@@@@@@@@@@@@@@@@@@@@@@@@@@@@@*=-. 
94,94,94|--===+*#%@@@@@@@@@@@@@@@@@@@@@@@@@@@@@@@@@@@@@@@@@@@@@@@@@@@@@@@@@@@@@@@@@@@@@@@@@@@@@@@@@#+-.  
70,70,70|:::-----=*%@@@@@@@@@@@@@@@@@@@@@@@@@@@@@@@@@@@@@@@@@@@@@@@@@@@@@@@@@@@@@@@@@@@@@@@@@@@@@@#+:.   
43,43,43|..::::::--+*#@@@@@@@@@@@@@@@@@@@@@@@@@@@@@@@@@@@@@@@@@@@@@@@@@@@@@@@@@@@@@@@@@@@@@@@@@@@%+-:.   
30,30,30|...::----===+#@@@@@@@@@@@@@@@@@@@@@@@@@@@@@@@@@@@@@@@@@@@@@@@@@@@@@@@@@@@@@@@@@@@@@@@@%*+=-:.   
43,43,43|.:::--------=+*%%@@@@@@@@@@@@@@@@@@@@@@@@@@@@@@@@@@@@@@@@@@%+#%@@@@@@@@@@@@@@@@@@@%%*+=--:..    
36,36,36|..:.........:-=*##%%%%##%%@@@@@@@%@@@@@@@@@@@@@@@@@@@@@@@@@@*:=*@@@@@@@@@@@@@@@@@#*=-.....      
17,17,17|  .         .:-=++++++===++******#@@@@@@@@@@@@@@@@@@@@@@@@@@@--+#@@@@%#####**##%%#*+:.          
4,4,4|             ..::----::::::::---:=@@@@@@@@@@@@@@@@@@@@@@@@@@%:-=+****+=-------==++==-:..        
0,0,0|                 ...          .. .@@@@@@@@@@@@@@@@@@@@@@@@@@* ::--=--::.......::---::..         
0,0,0|                                 .@@@@@@@@@@@@@@@@@@@@@@@@@@#  .......          ....            
0,0,0|       ...                       -@@@@@@@@@@@@@@@@@@@@@@@@@@@.                                  
255,255,255|