44,44,44|......::.....:::--==++******++++==-::...::--======++*%@@@@@@@@@@@@@@@@@@@@@@@@@@@@@@@@@@@@@@@@@@
41,41,41|....::::::..::::--==+**###*****++==-::.:::-----===+**#%@@@@@@@@@@@@@@@@@@@@@@@@@@@@@@@@@@@@@@@@@
35,35,35|...::::::::::::---=++**####******+==-::::------===+*##%@@@@@@@@@@@@@@@@@@@@@@@@@@@@@@@@@@@@@@@@@
28,28,28|.....:::..:::::---=++*######****++==-:::------===+**#%@@@@@@@@@@@@@@@@@@@@@@@@@@@@@@@@@@@@@@@@@@
81,81,81|--==-::=**-:::::-==++**######***+==--::------===++*#%@@@@@@@@@@@@@@@@@@@@@@@@@@@@@@@@@@@@@@@@@@@
38,38,38|..:-+@@@@@**##**===++**######***+==--------===++**##%@@@@@@@@@@@@@@@@@@@@@@@@@@@@@@@@@@@@@@@@@@@
26,26,26|.  .*@@@@@@@@@@@@==++***#####***++=----======++**##%@@@@@@@@@@@@@@@@@@@@@@@@@@@@@@@@@@@@@@@@@@@@
19,19,19|   :##*@@@@@@@@@@%+++**********+++==========++**#%@@@@@@@@@@@@@@@@@@@@@@@@@@@@@@@@@@@@@@@@@@@@@@
18,18,18|      .@@@@@@@@@@@%++******++++++++====++++++**#%@@@@@@@@@@@@@@@@@@@@@@@@@@@@@@@@@@@@@@@@@@@@@@@
19,19,19|      :@@@@@@@@@@@+++*****+++++=====+++++++++*#%@@@@@@@@@@@@@@@@@@@@@@@@@@@@@@@@@@@@@@@@@@@@@@@@
19,19,19|       *@@@@@@@@@@%*++*****+++=======++++++++*#%@@@@@@@@@@@@@@@@@@@@@@@@@@@@@@@@@@@@@@@@@@@@@@@@
17,17,17|       -@@@@@@@@@@@@@%++***+++=======++++++++*#%@@@@@@@@@@@@@@@@@@@@@@@@@@@@@@@@@@@@@@@@@@@@@@@@
11,11,11|       *@@@@@@@@@@@@@@@#*+++++=======++++++++*#%@@@@@@@@@@@@@@@@@@@@@@@@@@@@@@@@@@@@@@@@@@@@@@@@
5,5,5|      =@@@@@@@@@@@@@@@@@@%*+++========+**+***#%%@@@@@@@@@@@@@@@@@@@@@@@@@@@@@@@@@@@@@@@@@@@@@@@@
3,3,3|     +@@@@@@@@@@@@@@@@@@@@*++=====---=+****###%@@@@@@@@@@@@@@@@@@@@@@@@@@@@@@@@@@@@@@@@@@@@@@@@@
1,1,1|    *@@@@@@@@@@@@@@@@@@@@%=======----=+*#####%%@@@@@@@@@@@@@@@@@@@@@@@@@@@@@@@@@@@@@@@@@@@@@@@@@
1,1,1|   *@@@@@@@@@@@@@@@@@@@@@#========---=+*#%%%%@@@@@@@@@@@@@@@@@@@@@@@@@@@@@@@@@@@@@@@@@@@@@@@@@@@
6,6,6|  =@@@@@@@@@@@#@@@#@@@@@@%=+===+==--==+*#%@@@@@@@@@@@@@@@@@@@@@@@@@@@@@@@@@@@@@@@@@@@@@@@@@@@@@@
5,5,5|  *@@@@@@@@@@***@@@@@@@@@@++===++====++*#%@@@@@@@@@@@@@@@@@@@@@@@@@@@@@@@@@@@@@@@@@@@@@@@@@@@@@@
2,2,2|  #@@@@@@@@@%.-:@@@@@@@@@@#++=======+**#%@@@@@@@@@@@@@@@@@@@@@@@@@@@@@@@@@@@@@@@@@@@@@@@@@@@@@@@
0,0,0|  %@@@@@@@@@:  +@@@@@@@@@@@++=======+*##%@@@@@@@@@@@@@@@@@@@@@@@@@@@@@@@@@@@@@@@@@@@@@@@@@@@@@@@
0,0,0|  %@@@%-*#@%  :@@@@@@@@@@@@#========+*##%@@@@@@@@@@@@@@@@@@@@@@@@@@@@@@@@@@@@@@@@@@@@@@@@@@@@@@@
2,2,2|  -*=-  *@%%: %@@@@@@@@@@@@@====++=++**##%@@@@@@@@@@@@@@@@@@@@@@@@@@@@@@@@@@@@@@@@@@@@@@@@@@@@@@
1,1,1|       :@%   #@@@@@@@@@@@@@@#=====+++***#%@@@@@@@@@@@@@@@@@@@@@@@@@@@@@@@@@@@@@@@@@@@@@@@@@@@@@@
1,1,1|        #+  #@@@@@@@@@@@@@@@@+-=-==++++*##%@@@@@@@@@@@@@@@@@@@@@@@@@@@@@@@@@@@@@@@@@@@@@@@@@@@@@
1,1,1|          .%@@@@@@@@@@@@@@@@@@=====+++++**#%@@@@@@@@@@@@@@@@@@@@@@@@@@@@@@@@@@@@@@@@@@@@@@@@@@@@
0,0,0|         :@@@@@@@@@@@@@@@@@@@@*-==========+*#%@@@@@@@@@@@@@@@@@@@@@@@@@@@@@@@@@@@@@@@@@@@@@@@@@@
0,0,0|        -@@@@@@@@@@@@@@@@@@@@@@=:--:::::--==+#%@@@@@@@@@@@@@@@@@@@@@@@@@@@@@@@@@@@@@@@@@@@@@@@@@
0,0,0|       =@@@@@@@@@@@@@@@@@@@@@@@%:.:.....::--=+*%@@@@@@@@@@@@@@@@@@@@@@@@@@@@@@@@@@@@@@@@@@@@@@@@
0,0,0|      *@@@@@@@@@@@@@@@@@@@@@@@@@= ......:::--=+*#%@@@@@@@@@@@@@@@@@@@@@@@@@@@@@@@@@@@@@@@@@@@@@@
0,0,0|     +@@@@@@@@@@@@@@@@@@@@@@@@@@* ..::::::----=+*#%@@@@@@@@@@@@@@@@@@@@@@@@@@@@@@@@@@@@@@@@@@@@@
0,0,0|     @@@@@@@@@@@@@@@@@@@@@@@@@@@#.:::-::::---==++**#%@@@@@@@@@@@@@@@@@@@@@@@@@@@@@@@@@@@@@@@@@@@
0,0,0|    :%%@%%@@@@@@@@@@@@@@@@@@@@@@#:----------===+++++*%@@@@@@@@@@@@@@@@@@@@@@@@@@@@@@@@@@@@@@@@@@
0,0,0|          *@@@@@@@@@@@@@@@@@@%+==-=============++==++*#%@@@@@@@@@@@@@@@@@@@@@@@@@@@@@@@@@@@@@@@@
0,0,0|           ....*@@@*#@@#:--==--=====+++++++++=====-===+*#@@@@@@@@@@@@@@@@@@@@@@@@@@@@@@@@@@@@@@@
0,0,0|               *@@= :@@+ .::::---===++++++====----::--==+#%@@@@@@@@@@@@@@@@@@@@@@@@@@@@@@@@@@@@@
255,255,255|