2,2,2|                                     ..:-=+#%@@@@@@@@@@@@@@@@@@@@@@@@@@@@@@@@@@@@@@@@@%%###**##%
0,0,0|                                   ...::==*#%@@@@@@@@@@@@@@@@@@@@@@@@@@@@@@@@@@@@@@@@@%###***##%
59,59,59|::                               ...:::-==*#%@@@@@@@@@@@@@@@@@@@@@@@@@@@@@@@@@@@@@@@@@%##***###%
44,44,44|.=+++:.=*+.                   ....::---==+**#@@@@@@@@@@@@@@@@@@@@@@@@@@@@@@@@@@@@@@@@@%#****##%%
0,0,0|   .+@@@@@++**+=.     ...........::-===++**##%@@@@@@@@@@@@@@@@@@@@@@@@@@@@@@@@@@@@@@@@%##**##%%@
3,3,3|   .%@@@@@@@@@@@#  ............:::-==++***#%%@@@@@@@@@@@@@@@@@@@@@@@@@@@@@@@@@@@@@@@@@%#####%%@@
1,1,1|   :##*@@@@@@@@@@+....:::::::::::--=+***##%@@@@@@@@@@@@@@@@@@@@@@@@@@@@@@@@@@@@@@@@@@@%%%%%%@@@@
2,2,2|      :@@@@@@@@@@@+.:::::::::::---=+**###%@@@@@@@@@@@@@@@@@@@@@@@@@@@@@@@@@@@@@@@@@@@@@%@@@@@@@@
2,2,2|      -@@@@@@@@@@%:.::::::::----==+**##%%@@@@@@@@@@@@@@@@@@@@@@@@@@@@@@@@@@@@@@@@@@@@@@@@@@@@@@@
2,2,2|       %@@@@@@@@@@#=-:---------==+**##%%@@@@@@@@@@@@@@@@@@@@@@@@@@@@@@@@@@@@@@@@@@@@@@@@@@@@@@@@
3,3,3|       #@@@@@@@@@@@@@#-:-------==+**##%%@@@@@@@@@@@@@@@@@@@@@@@@@@@@@@@@@@@@@@@@@@@@@@@@@@@@@@@@
3,3,3|      -@@@@@@@@@@@@@@@@*=--======+**##%%@@@@@@@@@@@@@@@@@@@@@@@@@@@@@@@@@@@@@@@@@@@@@@@@@@@@@@@@
3,3,3|     -@@@@@@@@@@@@@@@@@@@%=-=====++*##%%@@@@@@@@@@@@@@@@@@@@@@@@@@@@@@@@@@@@@@@@@@@@@@@@@@@@@@@@
2,2,2|    -@@@@@@@@@@@@@@@@@@@@@*-======++**##%@@@@@@@@@@@@@@@@@@@@@@@@@@@@@@@@@@@@@@@@@@@@@@@@@@@@@@@
4,4,4|   -@@@@@@@@@@@@@@@@@@@@@%-------==+****#@@@@@@@@@@@@@@@@@@@@@@@@@@@@@@@@@@@@@@@@@@@@@@@@@@@@@@@
0,0,0|  =@@@@@@@#%@@%#@@@@@@@@@%==-----==++***#@@@@@@@@@@@@@@@@@@@@@@@@@@@@@@@@@@@@@@@@@@@@@@@@@@@@@@@
19,19,19| #@@@@@@@@#@@@-%@@+@@@@@@@===-----=++***#%@@@@@@@@@@@@@@@@@@@@@@@@@@@@@@@@@@@@@@@@@@@@@@@@@@@@@@
210,210,210|%@@@@@@@@@%@@#:#@%#@@@@@@@+-====---=++**#%@@@@@@@@@@@@@@@@@@@@@@@@@@@@@@@@@@@@@@@@@@@@@@@@@@@@@@
173,173,173|*#@@@@@@@%%@%-:#@@@@@@@@@@#:--===--==++**#%@@@@@@@@@@@@@@@@@@@@@@@@@@@@@@@@@@@@@@@@@@@@@@@@@@@@@
1,1,1| -.*@@@@@#@@=.-@@@@@@@@@@@@-::-----==+++*#%@@@@@@@@@@@@@@@@@@@@@@@@@@@@@@@@@@@@@@@@@@@@@@@@@@@@@
1,1,1|    :*@@@@@@:.-@@@@@@@@@@@@#.:-----===++*#@@@@@@@@@@@@@@@@@@@@@@@@@@@@@@@@@@@@@@@@@@@@@@@@@@@@@@
1,1,1|      =@@#+%..%@@@@@@@@@@@@@=:-----===+**%@@@@@@@@@@@@@@@@@@@@@@@@@@@@@@@@@@@@@@@@@@@@@@@@@@@@@@
0,0,0|      -@+   .%@@@@@@@@@@@@@@%::-----==+*#@@@@@@@@@@@@@@@@@@@@@@@@@@@@@@@@@@@@@@@@@@@@@@@@@@@@@@@
0,0,0|       .   .%@@@@@@@@@@@@@@@@+.::---==+*%@@@@@@@@@@@@@@@@@@@@@@@@@@@@@@@@@@@@@@@@@@@@@@@@@@@@@@@
0,0,0|          -@@@@@@@@@@@@@@@@@@@-:::---=+*%@@@@@@@@@@@@@@@@@@@@@@@@@@@@@@@@@@@@@@@@@@@@@@@@@@@@@@@
0,0,0|         =@@@@@@@@@@@@@@@@@@@@#::---==+*%@@@@@@@@@@@@@@@@@@@@@@@@@@@@@@@@@@@@@@@@@@@@@@@@@@@@@@@
0,0,0|        +@@@@@@@@@@@@@@@@@@@@@@=:---==+*%@@@@@@@@@@@@@@@@@@@@@@@@@@@@@@@@@@@@@@@@@@@@@@@@@@@@@@@
0,0,0|      .%@@@@@@@@@@@@@@@@@@@@@@@%-:---=+*#@@@@@@@@@@@@@@@@@@@@@@@@@@@@@@@@@@@@@@@@@@@@@@@@@@@@@@@
0,0,0|     -@@@@@@@@@@@@@@@@@@@@@@@@@@*::--==+*%@@@@@@@@@@@@@@@@@@@@@@@@@@@@@@@@@@@@@@@@@@@@@@@@@@@@@@
0,0,0|    -%@@@@@@@@@@@@@@@@@@@@@@@@@@%::--==++#%@@@@@@@@@@@@@@@@@@@@@@@@@@@@@@@@@@@@@@@@@@@@@@@@@@@@@
0,0,0|    #@@@@@@@@@@@@@@@@@@@@@@@@@@@%::::--=+*#%@@@@@@@@@@@@@@@@@@@@@@@@@@@@@@@@@@@@@@@@@@@@@@@@@@@@
0,0,0|    ++####@@@@@@@@@@@@@@@@@@@@@@%:...::--=*##%@@@@@@@@@@@@@@@@@@@@@@@@@@@@@@@@@@@@@@@@@@@@@@@@@@
0,0,0|          -%%%%@@@@@@@@@@@@@@@+--:::...::-=+**#%@@@@@@@@@@@@@@@@@@@@@@@@@@@@@@@@@@@@@@@@@@@@@@@@
0,0,0|               *@@@+%@@*.::---:::--:::..::--=+**##%%@@@@@@@@@@@@@@@@@@@@@@@@@@@@@@@@@@@@@@@@@@@@
0,0,0|               %@@- -@@-   ..::----::::...:--===++**#%@@@@@@@@@@@@@@@@@@@@@@@@@@@@@@@@@@@@@@@@@@
0,0,0|              .@@#  =@@:  ...::::::::::...:---===+++*#%@@@@@@@@@@@@@@@@@@@@@@@@@@@@@@@@@@@@@@@@@
255,255,255|