144,144,144|+*##***+=---=*@@@@@@@@@%*+==+*#@@@@@@@@@@@@@@@%#*+==-:=++*%@@@@@@@@@@@@@@@@@@@@@@@@@@@@@@%%###*=
126,126,126|=+***+++=---=*@@@@@@@@@@#+++*#%@@@@@@@@@@@@@@@%%#+=-:.:=+*#@@@@@@@@@@@@@@@@@@@@@@@@@@@@@@@%%##*+
122,122,122|==+++=++=---=*@@@@@@@@@@%***#%@@@@@@@@@@@@@@@@@%#+-::::-=+*%@@@@@@@@@@@@@@@@@@@@@@@@@@@@@@@%%%#*
116,116,116|==========--+#@@@@@@@@@@@%%%@@@@@@@@@@@@@@@@@@@%*+-:::-==+*#@@@@@@@@@@@@@@@@@@@@@@@@@@@@@@@@%%#+
106,106,106|======++++++*%@@@@@@@@@@@@@@@@@@@@@@@@@@@@@@@@@%*+=---=+**##@@@@@@@@@@@@@@@@@@@@@@@@@@@@@@@@@%#+
111,111,111|====+**####%%@@@@@@@@@@@@@@@@@@@@@@@@@@@@@@@@@@%#+=--=+*#%%%@@@@@@@@@@@@@@@@@@@@@@@@@@@@@@@@@@%#
122,122,122|==++*#%@@@@@@@@@@@@@@@@@@@@@@@@@@@@@@@@@@@@@@@@%#*=--+*#%@@@@@@@@@@@@@@@@@@@@@@@@@@@@@@@@@@@@@@@
124,124,124|=++*%@@@@@@@@@@@@@@@@@@@@@@@@@@@@@@@@@@@@@@@@@@@#*=-=*#@@@@@@@@@@@@@@@@@@@@@@@@@@@@@@@@@@@@@@@@@
106,106,106|==+#%@@@@@@@@@@@@@@@@@@@@@@@@@@@@@@@@@@@@@@@@@@@%*+=*#@@@@@@@@@@@@@@@@@@@@@@@@@@@@@@@@@@@@@@@@@@
109,109,109|==+*%@@@@@@@@@@@@@@@@@@@@@@@@@@@@@@@@@@@@@@@@@@@@%**%@@@@@@@@@@@@@@@@@@@@@@@@@@@@@@@@@@@@@@@@@@@
133,133,133|+++*%@@@@@@@@@@@@@@@@@@@@@@@@@@@@@@@@@@@@@@@@@@@@@@@@@@@@@@@@@@@@@@@@@@@@@@@@@@@@@@@@@@@@@@@@@@@
152,152,152|++*#@@@@@@@@@@@@@@@@@@@@@@@@@@@@@@@@@@@@@@@@@@@@@@@@@@@@@@@@@@@@@@@@@@@@@@@@@@@@@@@@@@@@@@@@@@@@
162,162,162|***#@@@@@@@@@@@@@@@@@@@@@@@@@@@@@@@@@@@@@@@@@@@@@@@@@@@@@@@@@@@@@@@@@@@@@@@@@@@@@@@@@@@@@@@@@@@@
180,180,180|#*#%@@@@@@@@@@@@@@@@@@@@@@@@@@@@@@@@@@@@@@@@@@@@@@@@@@@@@@@@@@@@@@@@@@@@@@@@@@@@@@@@@@@@@@@@@@@@
195,195,195|#%%@@@@@@@@@@@@@@@@@@@@@@@@@@@@@@@@@@@@@@@@@@@@@@@@@@@@@@@@@@@@@@@@@@@@@@@@@@@@@@@@@@@@@@@@@@@@@
194,194,194|#%@@@@@@@@@@@@@@@@@@@@@@@@@@@@@@@@@@@@@@@@@@@@@@@@@@@@@@@@@@@@@@@@@@@@@@@@@@@@@@@@@@@@@@@@@@@@@@
198,198,198|#@@@@@@@@@@@@@@@@@@@@@@@@@@@@@@@@@@@@@@@@@@@@@@@@@@@@@@@@@@@@@@@@@@@@@@@@@@@@@@@@@@@@@@@@@@@@@@@
193,193,193|#@@@@@@@@@@@@@@@@@@@@@@@@@@@@@@@@@@@@@@@@@@@@@@@@@@@@@@@@@@@@@@@@@@@@@@@@@@@@@@@@@@@@@@@@@@@@@@%
180,180,180|#%@@@@@@@@@@@@@@@@@@@@@@@@@@@@@@@@@@@@@@@@@@@@@@@@@@@@@@@@@@@@@@@@@@@@@@@@@@@@@@@@@@@@@@@@@@@@@%
176,176,176|*%@@@@@@@@@@@@@@@@@@@@@@@@@@@@@@@@@@@@@@@@@@@%#*#%@@@@@@@@@@@@@@@@@@@@@@@@@@@@@@@@@@@@@@@@@@@@@%
164,164,164|*%@@@@@@@@@@@@@@@@@@@@@@@@@@@@@@@@@@@@@@@@@@#***+*#@@@@@@@@@@@@@@@@@@@@@@@@@@@@@@@@@@@@@@@@@@@@@
156,156,156|*#@@@@@@@@@@@@@@@@@@@@@@@@@@@@@@@@@@@@@@@@@@%#*****#%@@@@@@@@@@@@@@@@@@@@@@@@@@@@@@@@@@@@@@@@@@@
145,145,145|+*#@@@@@@@@@@@@@@@@@@@@@@@@@@@@@@@@@@@@@@@@@@%##*++*#@@@@@@@@@@@@@@@@@@@@@@@@@@@@@@@@@@@@@@@@@@@
104,104,104|==+*@@@@@@@@@@@@@@@@@@@@@@@@@@@@@@@@@@@@@@@@@##*+==+*%@@@@@@@@@@@@@@@@@@@@@@@@@@@@@@@@@@@@@@@@@@
67,67,67|::-=*%@@@@@@@@@@@@@@@@@@@@@@@@@@@@@@@@@@@@@@*+++=---=*%@@@@@@@@@@@@@@@@@@@@@@@@@@@@@@@@@@@@@@@@%
43,43,43|...:-=*%@@@@@@@@@@@@@@@@@@@@@@@@@@@@@@@@@@@#+==--:::-=*#%@@@@@@@@@@@@@@@@@@@@@@@@@@@@@@@@@@@@@%%
40,40,40|......:=%@@@@@@@@@@@@@@@@@@@@@@@@@@@@@@@@@%*+=-:.....:-=+%@@@@@@@@@@@@@@@@@@@@@@@@@@@@@@@@@@@%##
61,61,61|::::..:-*@@@@@@@@@@@@@@@@@@@@@@@@@@@@@@@@@%#++==-..:-+#@@@@@@@@@@@@@@@@@@@@@@@@@@@@@@@@@@@@@@@%#
79,79,79|--:::::=+%@@@@@@@@@@@@@@@@@@@@@@@@@@@@@@@@@@@@@@@%%@@@@@@@@@@@@@@@@@@@@@@@@@@@@@@@@@@@@@@@@@@@@#
64,64,64|:::::--=+*%@@@@@@@@@@@@@@@@@@@@@@@@@@@@@@@@@@@@@@@@@@@@@@@@@@@@@@@@@@@@@@@@@@@@@@@@@@@@@@@@@@@%#
23,23,23|   ..::-=+*#@@@@@@@@@@@@@@@@@@@@@@@@@@@@@@@@@@@@@@@@@@@@@@@@@@@@@@@@@@@@@@@@@@@@@@@@@@@@@@%##*++
12,12,12|    ..::-=+*#%%@@@@@@@@@@@@@@@@@@@@@@@@@@@@@@@@@@@@@@@@@@@@@@@@@@@@@@@@@@@@@@@@@@@@@@@@@#*+==--:
18,18,18|   .....::--=++**#%@@@@@@@@@@@@@@@@@@@@@@@@@@@@@@@@@@@@@@@@@@@@@@@@@@@@@@@@@@@@@@@@@@@%#+=-:....
12,12,12|        ....:---==+*##%%%%%%###%%#%@@@@@@@@@@@@@@@@@@@@@@@@%+*%%%%@@@@@@@@@@@@@@@@@%%%#+-:..    
3,3,3|            ...:::----======-----=@@@@@@@@@@@@@@@@@@@@@@@@@@#:-===++++**#%%%%##*******+-:.      
0,0,0|               ...::::..:........+@@@@@@@@@@@@@@@@@@@@@@@@@@@:.::::::--==+*+==-::::--=-.        
255,255,255|