223,223,223|%@@@@@@@@@@@%@@@@@@@@@#*******####%%%@@@@@@@@@%#*=-::-+#@@@@@@@@@@@@@@@@@@@@@@@@@@@@@@@%#****+==
232,232,232|@@@@@@@@@@@@@@@@@@@@@@%#*##****##%%%@@@@@@@@@@@#+=-::-*%@@@@@@@@@@@@@@@@@@@@@@@@@@@@@@@%#*+**++=
240,240,240|@@@@@@@@@@%%%@@@@@@@@@%####****#%%#%@@@@@@@@@@@%*-:..=*@@@@@@@@@@@@@@@@@@@@@@@@@@@@@@@@%#+++++=-
244,244,244|@@@@@@@@@%##%@@@@@@@@@@%%%#****#%%%%@@@@@@@@@@@@*::..-+%@@@@@@@@@@@@@@@@@@@@@@@@@@@@@@@@#*+++==-
243,243,243|@@@@@@@@%**##%@@@@@@@@@@%%#***#%@@@@@@@@@@@@@@@#=::..:=*%@@@@@@@@@@@@@@@@@@@@@@@@@@@@@@@%#*++==-
220,220,220|%@@@@@@%#++**%@@@@@@@@@@@@%#*#%@@@@@@@@@@@@@@@@*--:...-+#@@@@@@@@@@@@@@@@@@@@@@@@@@@@@@@%#**+++=
187,187,187|#%@@@@@#**++*#@@@@@@@@@@@@%##%@@@@@@@@@@@@@@@@@#+-:...:=*%@@@@@@@@@@@@@@@@@@@@@@@@@@@@@@@#**##*+
161,161,161|**#%%%#*++++*#@@@@@@@@@@@@@%%@@@@@@@@@@@@@@@@@@#+=-:.::-*#%@@@@@@@@@@@@@@@@@@@@@@@@@@@@@@%%%%##*
130,130,130|++**##%#++++*#@@@@@@@@@@@@@@@@@@@@@@@@@@@@@@@@@#+==-:--=*#@@@@@@@@@@@@@@@@@@@@@@@@@@@@@@@@@@@%#*
114,114,114|=++*#%@%#***#%@@@@@@@@@@@@@@@@@@@@@@@@@@@@@@@@%#+===-=+*%@@@@@@@@@@@@@@@@@@@@@@@@@@@@@@@@@@@@@%#
108,108,108|==+*#%@@@%%%@@@@@@@@@@@@@@@@@@@@@@@@@@@@@@@@@@@%#*==+*#%@@@@@@@@@@@@@@@@@@@@@@@@@@@@@@@@@@@@@@@%
112,112,112|==++*#%@@@@@@@@@@@@@@@@@@@@@@@@@@@@@@@@@@@@@@@@@%#***#@@@@@@@@@@@@@@@@@@@@@@@@@@@@@@@@@@@@@@@@@%
124,124,124|=+++**%@@@@@@@@@@@@@@@@@@@@@@@@@@@@@@@@@@@@@@@@@@@@@%@@@@@@@@@@@@@@@@@@@@@@@@@@@@@@@@@@@@@@@@@@%
141,141,141|+*++*#@@@@@@@@@@@@@@@@@@@@@@@@@@@@@@@@@@@@@@@@@@@@@@@@@@@@@@@@@@@@@@@@@@@@@@@@@@@@@@@@@@@@@@@@@@
148,148,148|+****#@@@@@@@@@@@@@@@@@@@@@@@@@@@@@@@@@@@@@@@@@@@@@@@@@@@@@@@@@@@@@@@@@@@@@@@@@@@@@@@@@@@@@@@@@@
142,142,142|+**#%%@@@@@@@@@@@@@@@@@@@@@@@@@@@@@@@@@@@@@@@@@@@@@@@@@@@@@@@@@@@@@@@@@@@@@@@@@@@@@@@@@@@@@@@@@@
140,140,140|+*##@@@@@@@@@@@@@@@@@@@@@@@@@@@@@@@@@@@@@@@@@@@@@@@@@@@@@@@@@@@@@@@@@@@@@@@@@@@@@@@@@@@@@@@@@@%%
139,139,139|+*%@@@@@@@@@@@@@@@@@@@@@@@@@@@@@@@@@@@@@@@@@@@@@@@@@@@@@@@@@@@@@@@@@@@@@@@@@@@@@@@@@@@@@@@@@@%#*
119,119,119|=*%@@@@@@@@@@@@@@@@@@@@@@@@@@@@@@@@@@@@@@@@@@@@@@@@@@@@@@@@@@@@@@@@@@@@@@@@@@@@@@@@@@@@@@@@@@#*=
92,92,92|-+%@@@@@@@@@@@@@@@@@@@@@@@@@@@@@@@@@@@@@@@@@@@@@@@@@@@@@@@@@@@@@@@@@@@@@@@@@@@@@@@@@@@@@@@@@@%#+
89,89,89|-=*@@@@@@@@@@@@@@@@@@@@@@@@@@@@@@@@@@@@@@@@@@@@@@@%%##%@@@@@@@@@@@@@@@@@@@@@@@@@@@@@@@@@@@@@@@#+
75,75,75|:=*%@@@@@@@@@@@@@@@@@@@@@@@@@@@@@@@@@@@@@@@@@@@%#*+++*%@@@@@@@@@@@@@@@@@@@@@@@@@@@@@@@@@@@@@@@%*
75,75,75|:-=*%@@@@@@@@@@@@@@@@@@@@@@@@@@@@@@@@@@@@@@@@@@%*+=--=#@@@@@@@@@@@@@@@@@@@@@@@@@@@@@@@@@@@@@@@#+
97,97,97|---+*%@@@@@@@@@@@@@@@@@@@@@@@@@@@@@@@@@@@@@@@@@%*=-::-+#@@@@@@@@@@@@@@@@@@@@@@@@@@@@@@@@@@@@@%+=
107,107,107|==-=+#%@@@@@@@@@@@@@@@@@@@@@@@@@@@@@@@@@@@@@@@@#=:...-+*%@@@@@@@@@@@@@@@@@@@@@@@@@@@@@@@@@@@%*=:
92,92,92|----==+*@@@@@@@@@@@@@@@@@@@@@@@@@@@@@@@@@@@@@@@@%++*%@@@@@@@@@@@@@@@@@@@@@@@@@@@@@@@@@@@@@@@*=:.
58,58,58|::::::::+#@@@@@@@@@@@@@@@@@@@@@@@@@@@@@@@@@@@@@@@@@@@@@@@@@@@@@@@@@@@@@@@@@@@@@@@@@@@@@@@@@*=-:.
45,45,45|...::..:-+#@@@@@@@@@@@@@@@@@@@@@@@@@@@@@@@@@@@@@@@@@@@@@@@@@@@@@@@@@@@@@@@@@@@@@@@@@@@@@@@%*=-:.
53,53,53|:::------=+*%@@@@@@@@@@@@@@@@@@@@@@@@@@@@@@@@@@@@@@@@@@@@@@@@@@@@@@@@@@@@@@@@@@@@@@@@@@@@%#+=:..
65,65,65|:::----::-==*#@@@@@@@@@@@@@@@@@@@@@@@@@@@@@@@@@@@@@@@@@@@@@@@@@@@@@@@@@@@@@@@@@@@@@@@%%#**+-::. 
53,53,53|:..     ..:-=+#%@@@@@@@@@@@@@@@@@@@@@@@@@@@@@@@@@@@@@@@@@@@%#%@@@@@@@@@@@@@@@@@@@@@%#+=---::..  
26,26,26|.        ...:-+*###%%%%%%@@@@@@@@@@@@@@@@@@@@@@@@@@@@@@@@@@@*=*#@@@@@@@@@@@@@@@@@@%#*+-:...     
4,4,4|           ..::--===++======++***%@@@@@@@@@@@@@@@@@@@@@@@@@@@-=+#%%@%%##############*+=:.       
0,0,0|               ...::::::.....::--*@@@@@@@@@@@@@@@@@@@@@@@@@@@::==++++=--:-===++++++++=-:.       
0,0,0|                      ...     ...-@@@@@@@@@@@@@@@@@@@@@@@@@@# .:::::::..  ..:::::---::..        
2,2,2|                                 .@@@@@@@@@@@@@@@@@@@@@@@@@@#     ..           .....            
255,255,255|