13,13,13|  ...:::-----=======--====--::.....::::---==++*#@@@@@@@@@@@@@@@@@@@@@@@@@@@@@@@@@@@@@@@@@@@@@@@@
12,12,12|   ..::-----==============---:::::::::---==++*#%@@@@@@@@@@@@@@@@@@@@@@@@@@@@@@@@@@@@@@@@@@@@@@@@
5,5,5|   ..::--=================---::::::::--==++**#%@@@@@@@@@@@@@@@@@@@@@@@@@@@@@@@@@@@@@@@@@@@@@@@@@
4,4,4|     .::--==+++++++++++====---::::::--==++*##%@@@@@@@@@@@@@@@@@@@@@@@@@@@@@@@@@@@@@@@@@@@@@@@@@@
50,50,50|.:-=--:=*#+===++++++++++===---:::::--==+**##%@@@@@@@@@@@@@@@@@@@@@@@@@@@@@@@@@@@@@@@@@@@@@@@@@@@
4,4,4|  .:-%@@@@%*####*++++++++==----::---==++*##%@@@@@@@@@@@@@@@@@@@@@@@@@@@@@@@@@@@@@@@@@@@@@@@@@@@@
3,3,3|    +@@@@@@@@@@@@*+++++++===-------==++*##%@@@@@@@@@@@@@@@@@@@@@@@@@@@@@@@@@@@@@@@@@@@@@@@@@@@@@
1,1,1|    *#*%@@@@@@@@@%*++++++==--------=+**##%@@@@@@@@@@@@@@@@@@@@@@@@@@@@@@@@@@@@@@@@@@@@@@@@@@@@@@
1,1,1|       %@@@@@@@@@@%+++++===-------==+*#%%@@@@@@@@@@@@@@@@@@@@@@@@@@@@@@@@@@@@@@@@@@@@@@@@@@@@@@@
1,1,1|      .@@@@@@@@@@@*+++++===-------==+*#%@@@@@@@@@@@@@@@@@@@@@@@@@@@@@@@@@@@@@@@@@@@@@@@@@@@@@@@@
1,1,1|       +@@@@@@@@@@%*++++==---:-----=+*#%@@@@@@@@@@@@@@@@@@@@@@@@@@@@@@@@@@@@@@@@@@@@@@@@@@@@@@@@
0,0,0|       :@@@@@@@@@@@@@#+===--:::::---=+#%@@@@@@@@@@@@@@@@@@@@@@@@@@@@@@@@@@@@@@@@@@@@@@@@@@@@@@@@
0,0,0|       +@@@@@@@@@@@@@@%*=---:::::::--=*%@@@@@@@@@@@@@@@@@@@@@@@@@@@@@@@@@@@@@@@@@@@@@@@@@@@@@@@@
0,0,0|      -@@@@@@@@@@@@@@@@@@#=---::::::-=*#@@@@@@@@@@@@@@@@@@@@@@@@@@@@@@@@@@@@@@@@@@@@@@@@@@@@@@@@
0,0,0|     =@@@@@@@@@@@@@@@@@@@@*-----:::--=+#%@@@@@@@@@@@@@@@@@@@@@@@@@@@@@@@@@@@@@@@@@@@@@@@@@@@@@@@
0,0,0|    +@@@@@@@@@@@@@@@@@@@@%----:--:--==*#%@@@@@@@@@@@@@@@@@@@@@@@@@@@@@@@@@@@@@@@@@@@@@@@@@@@@@@@
1,1,1|   +@@@@@@@@@@@@@@@@@@@@@*.::..::--==+*#%@@@@@@@@@@@@@@@@@@@@@@@@@@@@@@@@@@@@@@@@@@@@@@@@@@@@@@@
5,5,5|  -@@@@@@@@@@@*@@@%@@@@@@#:::...:--=+**##%@@@@@@@@@@@@@@@@@@@@@@@@@@@@@@@@@@@@@@@@@@@@@@@@@@@@@@
6,6,6|  +@@@@@@@@@@#=%@@@@@@@@@@-:::..::-=++*#%@@@@@@@@@@@@@@@@@@@@@@@@@@@@@@@@@@@@@@@@@@@@@@@@@@@@@@@
5,5,5|  *@@@@@@@@@@:-=@@@@@@@@@@+:::::::--=+*#%@@@@@@@@@@@@@@@@@@@@@@@@@@@@@@@@@@@@@@@@@@@@@@@@@@@@@@@
1,1,1|  %@@@@@@@@@+  =@@@@@@@@@@%:::::::::-=+*%@@@@@@@@@@@@@@@@@@@@@@@@@@@@@@@@@@@@@@@@@@@@@@@@@@@@@@@
1,1,1|  %@@@%-*+@@. :@@@@@@@@@@@@+.::::.:::-=*#@@@@@@@@@@@@@@@@@@@@@@@@@@@@@@@@@@@@@@@@@@@@@@@@@@@@@@@
3,3,3|  :*=-. -@@@= %@@@@@@@@@@@@@:.....:::-=+*%@@@@@@@@@@@@@@@@@@@@@@@@@@@@@@@@@@@@@@@@@@@@@@@@@@@@@@
1,1,1|        %@:  #@@@@@@@@@@@@@@*....::::-==+*%@@@@@@@@@@@@@@@@@@@@@@@@@@@@@@@@@@@@@@@@@@@@@@@@@@@@@
1,1,1|        =%  #@@@@@@@@@@@@@@@@=...::::--=+*#%@@@@@@@@@@@@@@@@@@@@@@@@@@@@@@@@@@@@@@@@@@@@@@@@@@@@
1,1,1|         ..%@@@@@@@@@@@@@@@@@%:.:::::---==+*#%@@@@@@@@@@@@@@@@@@@@@@@@@@@@@@@@@@@@@@@@@@@@@@@@@@
0,0,0|         .%@@@@@@@@@@@@@@@@@@@*.:::::-----=+*#%@@@@@@@@@@@@@@@@@@@@@@@@@@@@@@@@@@@@@@@@@@@@@@@@@
0,0,0|        :@@@@@@@@@@@@@@@@@@@@@@=:-----------=+*#%@@@@@@@@@@@@@@@@@@@@@@@@@@@@@@@@@@@@@@@@@@@@@@@
0,0,0|       =@@@@@@@@@@@@@@@@@@@@@@@%--------:::::--=+#%@@@@@@@@@@@@@@@@@@@@@@@@@@@@@@@@@@@@@@@@@@@@@
0,0,0|      +@@@@@@@@@@@@@@@@@@@@@@@@@+-----:::::::::--+*#%@@@@@@@@@@@@@@@@@@@@@@@@@@@@@@@@@@@@@@@@@@@
0,0,0|     =@@@@@@@@@@@@@@@@@@@@@@@@@@#-===---::::...:--=+*#%@@@@@@@@@@@@@@@@@@@@@@@@@@@@@@@@@@@@@@@@@
0,0,0|     @@@@@@@@@@@@@@@@@@@@@@@@@@@#++++===--:::...::--=+*%@@@@@@@@@@@@@@@@@@@@@@@@@@@@@@@@@@@@@@@@
0,0,0|    :@%@%@@@@@@@@@@@@@@@@@@@@@@@%++++++==--::....:::-=+*#%%@@@@@@@@@@@@@@@@@@@@@@@@@@@@@@@@@@@@@
0,0,0|          *@@@@@@@@@@@@@@@@@@%+===+++++===--::......::-==+*#%%@@@@@@@@@@@@@@@@@@@@@@@@@@@@@@@@@@
0,0,0|           :..:*@@@##@@#--===--====++++===--::........::--=+*#%@@@@@@@@@@@@@@@@@@@@@@@@@@@@@@@@@
0,0,0|               *@@+ :@@+ ...::--========---:::...    ...::-=+*#%@@@@@@@@@@@@@@@@@@@@@@@@@@@@@@@@
255,255,255|