76,76,76|:--==+++=========++**##%%@@@@%%#########%@@@@@@@@@@@@@@@@@@@@@@@@@@@@@@%%%%%%@@@@@@@@@@@@@@@@@@@
80,80,80|---==+++===--==++++**##%%%%@%%##*****##%@@@@@@@@@@@@@@@@@@@@@@@@@@@@@@@%%%%%%%@@@@@@@@@@@@@@@@@@
86,86,86|---=%@@@%%*#%%+==++***####%%%##***++**#%@@@@@@@@@@@@@@@@@@@@@@@@@@@@@@@@@%%%%%@@@@@@@@@@@@@@@@@@
87,87,87|---=+*#@@@@@@@***+++**#####%%##**++++*%@@@@@@@@@@@@@@@@@@@@@@@@@@@@@@@@@@@@@%@@@@@@@@@@@@@@@@@@@
83,83,83|------*@@@@@@@@@@@@#****#######***+++#%@@@@@@@@@@@@@@@@@@@@@@@@@@@@@@@@@@@@@@@@@@@@@@@@@@@@@@@@@
73,73,73|:------==@@@@@@@@@@@*************+++*#%@@@@@@@@@@@@@@@@@@@@@@@@@@@@@@@@@@@@@@@@@@@@@@@@@@@@@@@@@
76,76,76|::-----:*@@@@@@@@@@@*******+++++++++*#%@@@@@@@@@@@@@@@@@@@@@@@@@@@@@@@@@@@@@@@@@@@@@@@@@@@@@@@@@
80,80,80|-:::::-:=@@@@@@@@@@@#********+++++++*#%@@@@@@@@@@@@@@@@@@@@@@@@@@@@@@@@@@@@@@@@@@@@@@@@@@@@@@@@@
79,79,79|-::::::::*@@@@@@@@@@@%#*###***+++==+*#%@@@@@@@@@@@@@@@@@@@@@@@@@@@@@@@@@@@@@@@@@@@@@@@@@@@@@@@@@
73,73,73|::::::::--+%@@@@@@@@@@@%####*++++=++**%@@@@@@@@@@@@@@@@@@@@@@@@@@@@@@@@@@@@@@@@@@@@@@@@@@@@@@@@@
64,64,64|:::....::--=*@@@@@@@@@@@@%%#**++++++**#%@@@@@@@@@@@@@@@@@@@@@@@@@@@@@@@@@@@@@@@@@@@@@@@@@@@@@@@@
51,51,51|:.......:-===#@@@@@@@@@@@@%##**+++++**#%@@@@@@@@@@@@@@@@@@@@@@@@@@@@@@@@@@@@@@@@@@@@@@@@@@@@@@@@
39,39,39|........:-==+#@@@@@@@@@@@@@%#**+++++**##%@@@@@@@@@@@@@@@@@@@@@@@@@@@@@@@@@@@@@@@@@@@@@@@@@@@@@@@
26,26,26|..     ..:-+%@@@@@@@@@@@@@@@%***++++**##%@@@@@@@@@@@@@@@@@@@@@@@@@@@@@@@@@@@@@@@@@@@@@@@@@@@@@@@
15,15,15|       ..:=+#@@@@@@@@@@@@@@@@#**++++**#%%@@@@@@@@@@@@@@@@@@@@@@@@@@@@@@@@@@@@@@@@@@@@@@@@@@@@@@@
10,10,10|       ..-=*#@@@@@@@@@@@@@@@@%*******#%@@@@@@@@@@@@@@@@@@@@@@@@@@@@@@@@@@@@@@@@@@@@@@@@@@@@@@@@@
9,9,9|       ..-=*@@@@@@@@@@@@@@@@@%#****###%@@@@@@@@@@@@@@@@@@@@@@@@@@@@@@@@@@@@@@@@@@@@@@@@@@@@@@@@@
9,9,9|       ..-=#@@@@@@@@@@@@@@@@%%#***#**##%@@@@@@@@@@@@@@@@@@@@@@@@@@@@@@@@@@@@@@@@@@@@@@@@@@@@@@@@
9,9,9|       .:-=#@@@@@@@@@@@@@@@%%%#*******##@@@@@@@@@@@@@@@@@@@@@@@@@@@@@@@@@@@@@@@@@@@@@@@@@@@@@@@@
10,10,10|      .:--=#@@@@@@@@@@@@@@@@%%#####****#%@@@@@@@@@@@@@@@@@@@@@@@@@@@@@@@@@@@@@@@@@@@@@@@@@@@@@@@
11,11,11|    ..:-=*#@@@@@@@@@@@@@@@@@%%%####****#%@@@@@@@@@@@@@@@@@@@@@@@@@@@@@@@@@@@@@@@@@@@@@@@@@@@@@@@
16,16,16|   ..::-#@@%%@@@@@@@@@@@@@@@@%%%##*****#%%@@@@@@@@@@@@@@@@@@@@@@@@@@@@@@@@@@@@@@@@@@@@@@@@@@@@@@
21,21,21|   ..:-:*@*+%@@@@@@@@@@@@@@@@@%%##*****##%%@@@@@@@@@@@@@@@@@@@@@@@@@@@@@@@@@@@@@@@@@@@@@@@@@@@@@
24,24,24|   ..::---=%@@@@@@@@@@@@@@@@@@%%##**++****%@@@@@@@@@@@@@@@@@@@@@@@@@@@@@@@@@@@@@@@@@@@@@@@@@@@@@
19,19,19|   ...::-*@@@@@@@@@@@@@@@@@@@@%%##*++++++*#%@@@@@@@@@@@@@@@@@@@@@@@@@@@@@@@@@@@@@@@@@@@@@@@@@@@@
13,13,13|     ..:#@@@@@@@@@@@@@@@@@@@@@%##*++====++*#%@@@@@@@@@@@@@@@@@@@@@@@@@@@@@@@@@@@@@@@@@@@@@@@@@@@
10,10,10|      =%@@@@@@@@@@@@@@@@@@@@@@@#*++===-===+*#%@@@@@@@@@@@@@@@@@@@@@@@@@@@@@@@@@@@@@@@@@@@@@@@@@@
6,6,6|    .+@@@@@@@@@@@@@@@@@@@@@@@@@*++=-----==+*#%@@@@@@@@@@@@@@@@@@@@@@@@@@@@@@@@@@@@@@@@@@@@@@@@@@
3,3,3|    *@@@@@@@@@@@@@@@@@@@@@@@@@@*+=--:::--==+#%@@@@@@@@@@@@@@@@@@@@@@@@@@@@@@@@@@@@@@@@@@@@@@@@@@
1,1,1|   +@@@@@@@@@@@@@@@@@@@@@@@@@@@+==-:::::--=+#@@@@@@@@@@@@@@@@@@@@@@@@@@@@@@@@@@@@@@@@@@@@@@@@@@@
1,1,1|   %%@@@@@@@@@@@@@@@@@@@@@@@@@@=--::..::--=*#@@@@@@@@@@@@@@@@@@@@@@@@@@@@@@@@@@@@@@@@@@@@@@@@@@@
2,2,2|   . ...-@@@@@@@@@@@@@@@@@@@@@%--::....:--=*#%@@@@@@@@@@@@@@@@@@@@@@@@@@@@@@@@@@@@@@@@@@@@@@@@@@
1,1,1|         -++*#@@@@@@@@@@@@@%=-::::......:-=+*%@@@@@@@@@@@@@@@@@@@@@@@@@@@@@@@@@@@@@@@@@@@@@@@@@@
1,1,1|              .+@@@-:@@%.::. ........ ..:--+*#@@@@@@@@@@@@@@@@@@@@@@@@@@@@@@@@@@@@@@@@@@@@@@@@@@
2,2,2|             . +@@*  @@#              ...:-=+*%@@@@@@@@@@@@@@@@@@@@@@@@@@@@@@@@@@@@@@@@@@@@@@@@@
2,2,2|             ..%@@: -@@+             ....::-=*#%@@@@@@@@@@@@@@@@@@@@@@@@@@@@@@@@@@@@@@@@@@@@@@@@
255,255,255|