125,125,125|=+==---=+******+*%@@@@@@@@@@@@@@@%#*+=-:.:--==+*********#%@@@@@@@@@@@@@%#**####*++=---==+***+++=
146,146,146|+*#*+==+*####**++%@@@@@@@@@@@@@@@@%*+=-:::--=++*######*###@@@@@@@@@@@@@%#####*#*++=--===+**++++=
160,160,160|*#%#*++**#%%%#*++#@@@@@@@@@@@@@@@@%#*+=-:----+##########%%%@@@@@@@@@@@@%##%%#**+++=--+===+*++++-
160,160,160|*%%##*##%%%@%#+++#@@@@@@@@@@@@@@@@@%#*+---=--+#%%%%%###%%%@@@@@@@@@@@@@%%%@@@#**+==--=---=++++=:
157,157,157|*#%%###%@@%%%#++*%@@@@@@@@@@@@@@@@@@%*+====--=####%%%%%%%@@@@@@@@@@@@@@%%@@@@@%*+--===----=====:
129,129,129|+*####%%@@@%##*+*%@@@@@@@@@@@@@@@@@@%*==+==-==+***##@@@@@@@@@@@@@@@@@%%@@@@@@@@#*=====-::--====:
101,101,101|-+*###%@@@@@%#***%@@@@@@@@@@@@@@@@@@%#+++==-===+++*%@@@%%@@@@@@@@@@@@%%@@@@@@@@@%#*+==-:::--===:
95,95,95|-=*###%@@@@@@%###@@@@@@@@@@@@@@@@@@@%#***+======++%@@@@#%@@@@@@@@@@@@@@@@@@@@@@@@@%*+=::.:--====
103,103,103|==+*##%@@@@@@@%%@@@@@@@@@@@@@@@@@@@@%***#**+====+#@@@@%%%@@@@@@@@@@@@@@@@@@@@@@@@@@%*+-::--=+++=
97,97,97|-++***#@@@@@@@@@@@@@@@@@@@@@@@@@@@@@#####**++===*#%@@@%##%@@@@@@@@@@@@@@@@@@@@@@@@@@%#+===++**+=
72,72,72|:-=****%@@@@@@@@@@@@@@@@@@@@@@@@@@@@@@@@@#*++=-=+###***+*%@@@@@@@@@@@@@@@@@@@@@@@@@@@@%#**###*+-
71,71,71|:-=+*#%@@@@@@@@@@@@@@@@@@@@@@@@@@@@@@@@@@@#+=--=+***+++++%@@@@@@@@@@@@@@@@@@@@@@@@@@@@@@%%###+=:
64,64,64|:-=+*%@@@@@@@@@@@@@@@@@@@@@@@@@@@@@@@@@@@%*=---=++++=--=+%@@@@@@@@@@@@@@@@@@@@@@@@@@@@@@@%#**=:.
50,50,50|.:=+*%@@@@@@@@@@@@@@@@@@@@@@@@@@@@@@@@@@%*+=::::=++==---=%@@@@@@@@@@@@@@@@@@@@@@@@@@@@@@@#*+=-. 
43,43,43|.:=+*#@@@@@@@@@@@@@@@@@@@@@@@@@@@@@@@@@%+===----=+=-----=#@@@@@@@@@@@@@@@@@@@@@@@@@@@@@@%*+=-:  
47,47,47|.:=+*#@@@@@@@@@@@@@@@@@@@@@@@@@@@@@@@@@*=-:===++++=--=---+@@@@@@@@@@@@@@@@@@@@@@@@@@@@@%#*=-:.  
72,72,72|:-=+*#%@@@@@@@@@@@@@@@@@@@@@@@@@@@@@@@@#=--++**#*+=-----:-*@@@@@@@@@@@@@@@@@@@@@@@@@@@%#*=-:.   
83,83,83|--=+*#%@@@@@@@@@@@@@@@@@@@@@@@@@@@@@@@@@#**#******+===+*+*#@@@@@@@@@@@@@@@@@@@@@@@@@@@#*=-:..   
101,101,101|-==+#%@@@@@@@@@@@@@@@@@@@@@@@@@@@@@@@@@@@@@@%%@@@%%@@@@@@@@@@@@@@@@@@@@@@@@@@@@@@@@@@@%*=-:::.  
114,114,114|===+*##%@@@@@@@@@@@@@@@@@@@@@@@@@@@@@@@@@@@@@@@@@@@@@@@@@@@@@@@@@@@@@@@@@@@@@@@@@@@@@@%*=-:::.  
79,79,79|----=**#%@@@@@@@@@@@@@@@@@@@@@@@@@@@@@@@@@@@@@@@@@@@@@@@@@@@@@@@@@@@@@@@@@@@@@@@@@@@@@#+=-::..  
52,52,52|::::--+*#@@@@@@@@@@@@@@@@@@@@@@@@@@@@@@@@@@@@@@@@@@@@@@@@@@@@@@@@@@@@@@@@@@@@@@@@@@@%*+-:.....  
33,33,33|..::::-=*#@@@@@@@@@@@@@@@@@@@@@@@@@@@@@@@@@@@@@@@@@@@@@@@@@@@@@@@@@@@@@@@@@@@@@@@@@#+-:...      
19,19,19| ..:::--=*%@@@@@@@@@@@@@@@@@@@@@@@@@@@@@@@@@@@@@@@@@@@@@@@@@@@@@@@@@@@@@@@@@@@@@@@@#=:.         
13,13,13|  ...:::-=*@@@@@@@@@@@@@@@@@@@@@@@@@@@@@@@@@@@@@@@@@@@@@@@@@@@@@@@@@@@@@@@@@@@@@@@#+-.          
2,2,2|        .=*%@@@@@@@@@@@@@@@@@@@@@@@@@@@@@@@@@@@@@@@@@@@@@@@@@@@@@@@@@@@@@@@@@@@@%+-:..          
0,0,0|        =@@@@@@@@@@@@@@@@@@@@@@@@@@@@@@@@@@@@@@@@@@@@@@@@@@@#%@@@@@@@@@@@@@@@@@@%*=-:           
0,0,0|        :#@@@@@@@@@@@@@#%@@@%%#****@@@@@@@@@@@@@@@@@@@@@@@@@++#@@@@@@@@@@@@@@@@@@@@@@+          
0,0,0|          :@@@@@@@@@@@@%%@@=-----:+@@@@@@@@@@@@@@@@@@@@@@@@@+:-+*@@@@@@@@@@@@@@@@@@@%=          
0,0,0|           =@@@@@@@@@@@@@@@=: ... *@@@@@@@@@@@@@@@@@@@@@@@@@* .:*@@@@@@@@@@@@@@@@@@=            
0,0,0|            -%@@@@@@@@@@@@@@%=    %@@@@@@@@@@@@@@@@@@@@@@@@@%  =@@@@@@@@@@@@@@@@@#:             
0,0,0|              :+#%@@@@@@@@@@@@-   @@@@@@@@@@@@@@@@@@@@@@@@@@@.:@@@@@@@@@@@@@@@%*:               
0,0,0|                 -@@@@@@@@@@@@*  .@@@@@@@@@@@@@@@@@@@@@@@@@@@:*@@@@@@@@@@@@+:.                  
0,0,0|                 #@@@@@@@@@@@@% .=@@@@@@@@@@@@@@@@@@@@@@@@@@@-*@@@@@@@@@@@@*                    
0,0,0|                 +@@@@@@@@@@@@@%@@@@@@@@@@@@@@@@@@@@@@@@@@@@@*%@@@@@@@@@@@@*                    
0,0,0|                  #@@@@@@@@@@@@@@@@@@@@@@@@@@@@@@@@@@@@@@@@@@@@@@@@@@@@@@@%.                    
255,255,255|