255,255,255|@@@@@@@@@@@@@@@@@@@@@@@@@@@@@@@@@@@@@@@@@@@@@@@%+=-::...                                        
255,255,255|@@@@@@@@@@@@@@@@@@@@@@@@@@@@@@@@@@@@@@@@@@@@@@@@*=-::...                                        
255,255,255|@@@@@@@@@@@@@@@@@@@@@@@@@@@@@@@@@@@@@@@@@@@@@@@@*=-::...                                        
255,255,255|@@@@@@@@@@@@@@@@@@@@@@@@@@@@@@@@@@@@@@@@@@@@@@@%+=-::...                                        
254,254,254|@@@@@@@@@@@@@@@@@@@@@@@@@@@@@@@@@@@@@@@@@@@@@@@%=--::..                                         
251,251,251|@@@@@@@@@@@@@@@@@@@@@@@@@@@@@@@@@@@@@@@@@@@@@@@*=-::...                                         
217,217,217|%@@@@@@@@@@@@@@@@@@@@@@@@@@@@@@@@@@@@@@@@@@@@@#=--::...                                         
150,150,150|+%@@@@@@@@@@@@@@@@@@@@@@@@@@@@@@@@@@@@@@@@@@@#+=-::...                                          
121,121,121|=+%@@@@@@@@@@@@@@@@@@@@@@@@@@@@@@@@@@@@@@@@@#+=-::...                                           
108,108,108|==+#@@@@@@@@@@@@@@@@@@@@@@@@@@@@@@@@@@@@@@@*=--::....                                           
93,93,93|-===*%@@@@@@@@@@@@@@@@@@@@@@@@@@@@@@@@@@@#+=--::....                                            
77,77,77|---===*#@@@@@@@@@@@@@@@@@@@@@@@@@@@@@@@#+=--::....                                              
62,62,62|:::--===+*%@@@@@@@@@@@@@@@@@@@@@@@@@#*+=--:::.....                                              
52,52,52|:::::---===+*#%%@@@@@@@@@@@@@@@%%#+==---:::.....                                                
45,45,45|...:::::----====++**######***++==----:::......                                                  
41,41,41|......:::::::-------------------:::::.......                                                    
38,38,38|...........::::::::::::::::::::::........                                                       
37,37,37|.......................................                                                         
34,34,34|....................................                                                            
32,32,32|...............................                                                                 
30,30,30|...........................                                                                     
28,28,28|......................                                                                          
25,25,25|                                                                                                
24,24,24|                                                                                                
22,22,22|                                                                                                
20,20,20|                                                                                                
18,18,18|                                                                                                
17,17,17|                                                                                                
14,14,14|                                                                                                
13,13,13|                                                                                                
12,12,12|                                                                                                
10,10,10|                                                                                               :
9,9,9|                                                                                              :#
8,8,8|                                                                                             :#@
6,6,6|                                                                                            .*@@
6,6,6|                                                                                           .+@@@
255,255,255|