44,44,44|......:::::---==*@@@@@@@@@@@@@@@@@@@@@@@@@@@@@@@@@@@@@@@@@@@@@@@@@+=-::...                      
44,44,44|......:::::---==*@@@@@@@@@@@@@@@@@@@@@@@@@@@@@@@@@@@@@@@@@@@@@@@@@*=-::...                      
43,43,43|......:::::---==*@@@@@@@@@@@@@@@@@@@@@@@@@@@@@@@@@@@@@@@@@@@@@@@@@*=-::...                      
43,43,43|......:::::---==*@@@@@@@@@@@@@@@@@@@@@@@@@@@@@@@@@@@@@@@@@@@@@@@@@+=-::...                      
43,43,43|.......:::::--==+%@@@@@@@@@@@@@@@@@@@@@@@@@@@@@@@@@@@@@@@@@@@@@@@%+--:...                       
43,43,43|.......:::::--==+#@@@@@@@@@@@@@@@@@@@@@@@@@@@@@@@@@@@@@@@@@@@@@@@*=-::...                       
42,42,42|........:::::--==+%@@@@@@@@@@@@@@@@@@@@@@@@@@@@@@@@@@@@@@@@@@@@@#=--::...                       
41,41,41|.........:::::--==+%@@@@@@@@@@@@@@@@@@@@@@@@@@@@@@@@@@@@@@@@@@@%+=-::...                        
40,40,40|..........:::::--==+%@@@@@@@@@@@@@@@@@@@@@@@@@@@@@@@@@@@@@@@@@#+=-::...                         
39,39,39|...........:::::--==+#@@@@@@@@@@@@@@@@@@@@@@@@@@@@@@@@@@@@@@@*=--::....                         
37,37,37|............:::::--===+%@@@@@@@@@@@@@@@@@@@@@@@@@@@@@@@@@@@#+=--::....                          
36,36,36|..............:::::--===*#@@@@@@@@@@@@@@@@@@@@@@@@@@@@@@@#+=--::....                            
35,35,35|...............::::::--===+*%@@@@@@@@@@@@@@@@@@@@@@@@@%*+=--:::....                             
33,33,33|..................:::::---===+*#%%@@@@@@@@@@@@@@@%%#*+=---:::....                               
32,32,32|.....................:::::----====++**######***++==----:::......                                
30,30,30|........................:::::::-------------------:::::.......                                  
29,29,29|.............................::::::::::::::::::::::........                                     
27,27,27|.........................................................                                       
25,25,25| ...................................................                                            
24,24,24|     ...........................................                                                
22,22,22|         ...................................                                                    
20,20,20|             .......................                                                            
19,19,19|                                                                                                
18,18,18|                                                                                                
16,16,16|                                                                                                
15,15,15|                                                                                                
13,13,13|                                                                                                
12,12,12|                                                                                                
11,11,11|                                                                                                
9,9,9|                                                                                                
8,8,8|                                                                                                
7,7,7|                                                                                                
6,6,6|                                                                                                
6,6,6|                                                                                                
5,5,5|                                                                                                
4,4,4|                                                                                                
255,255,255|