255,255,255|@@@@@@@@@@@@@@@@@@@@@@@@@@@@@@@@@@@@@@@@@@@@@%+--::....                                         
255,255,255|@@@@@@@@@@@@@@@@@@@@@@@@@@@@@@@@@@@@@@@@@@@@@%+=-::....                                         
255,255,255|@@@@@@@@@@@@@@@@@@@@@@@@@@@@@@@@@@@@@@@@@@@@@%+=-::...                                          
255,255,255|@@@@@@@@@@@@@@@@@@@@@@@@@@@@@@@@@@@@@@@@@@@@@%+=-::...                                          
255,255,255|@@@@@@@@@@@@@@@@@@@@@@@@@@@@@@@@@@@@@@@@@@@@@#=--::...                                          
255,255,255|@@@@@@@@@@@@@@@@@@@@@@@@@@@@@@@@@@@@@@@@@@@@@+=-::....                                          
254,254,254|@@@@@@@@@@@@@@@@@@@@@@@@@@@@@@@@@@@@@@@@@@@@*=--::...                                           
255,255,255|@@@@@@@@@@@@@@@@@@@@@@@@@@@@@@@@@@@@@@@@@@@#=--::....                                           
226,226,226|%@@@@@@@@@@@@@@@@@@@@@@@@@@@@@@@@@@@@@@@@@#==-::....                                            
145,145,145|+#@@@@@@@@@@@@@@@@@@@@@@@@@@@@@@@@@@@@@@%*=--::....                                             
116,116,116|==*%@@@@@@@@@@@@@@@@@@@@@@@@@@@@@@@@@@@#+=--::....                                              
98,98,98|-==+*%@@@@@@@@@@@@@@@@@@@@@@@@@@@@@@%#+=--::.....                                               
76,76,76|:--===+#%@@@@@@@@@@@@@@@@@@@@@@@@%#*==--:::.....                                                
61,61,61|:::---===+*#%@@@@@@@@@@@@@@@@%#*+==---:::.....                                                 :
50,50,50|.:::::----===++***######***++==----:::......                                                  .+
43,43,43|....::::::---------===--------:::::........                                                   .+
39,39,39|........:::::::::::::::::::::::.........                                                      .+
36,36,36|..................::::................                                                        -%
33,33,33|...................................                                                          .*@
31,31,31|..............................                                                               :*@
30,30,30|..........................                                                                    +@
28,28,28|....................                                                                          =%
25,25,25|                                                                                              +%
24,24,24|                                                                                             :*@
22,22,22|                                                                                             .*@
20,20,20|                                                                                              -%
18,18,18|                                                                                              :+
17,17,17|                                                                                               .
14,14,14|                                                                                               -
13,13,13|                                                                                              -#
12,12,12|                                                                                             :#@
10,10,10|                                                                                            -#@@
9,9,9|                                                                                           -%@@@
8,8,8|                                                                                          -#@@@@
6,6,6|                                                                                         :#@@@@@
6,6,6|                                                                                        .*@@@@@@
255,255,255|