4,4,4|                          .:=*%@@@@@@@@@@@@@@@@@@@@@@@@@@@@@@@@@@@%+.                           
4,4,4|                       :+#%@@@@@@@@@@@@@@@@@@@@@@@@@@@@@@@@@@@@@@@@@@+.                         
5,5,5|                   .-*%@@@@@@@@@@@@@@@@@@@@@@@@@@@@@@@@@@@@@@@@@@@@@@@@+.                       
5,5,5|                 :+%@@@@@@@@@@@@@@@@@@@@@@@@@@@@@@@@@@@@@@@@@@@@@@@@@@@@%-                      
5,5,5|               -#@@@@@@@@@@@@@@@@@@@@@@@@@@@@@@@@@@@@@@@@@@@@@@@@@@@@@@@@@*.                    
5,5,5|             -#@@@@@@@@@@@@@@@@@@@@%%%%%%%%%%%%%@@@@@@@@@@@@@@@@@@@@@@@@@@@%:                   
6,6,6|           :*@@@@@@@@@@@@@@@@@%%%%%%%%@@@@@@@@%%%%%%@@@@@@@@@@@@@@@@@@@@@@@@@=                  
6,6,6|          =@@@@@@@@@@@@@@@@%%%%%@@@@@@@@@@@@@@@@@@@@%%%%@@@@@@@@@@@@@@@@@@@@@@=                 
6,6,6|        .#@@@@@@@@@@@@@@%%#%%@@@@@@@@@@@@@@@@@@@@@@@@@@%%%@@@@@@@@@@@@@@@@@@@@@=                
7,7,7|       :%@@@@@@@@@@@@@%##%@@@@@@@@@@@@@@@@@@@@@@@@@@@@@@@%%@@@@@@@@@@@@@@@@@@@@@- :.            
6,6,6|     .-%@@@@@@@@@@@@%##%@@@@@@@@@@@@@@@@@@@@@@@@@@@@@@@@@@%%%@@@@@@@@@@@@@@@@@@@%--=.           
5,5,5|   .:=%@@@@@@@@@@@@%*#%@@@@@@@@@@@@@@@@@@@@@@@@@@@@@@@@@@@@@%%@@@@@@@@@@@@@@@@@@@%*#=           
14,14,14| .:=*%@@@@@@@@@@@@#*#%@@@@@@@@@@@@@@@@@@@@@@@@@%@@@@@@@@@@@@%%%@@@@@@@@@@@@@@@@@@@%@%:     .    
64,64,64|:=+#@@@@@@@@@@@@@#+#%@@@@@@@@@@@@@@@@@@@@@@%%%%%%%@@@@@@@@@@@%%@@@@@@@@@@@@@@@@@@@@@@=.  .:--:  
135,135,135|+#%@@@@@@@@@@@@@%=*%@@@@@@@@@@@@@@@@@@@@@@@%%%%%%%%@@@@@@@@@@%%@@@@@@@@@@@@@@@@@@@@@@#----+++=. 
200,200,200|#@@@@@@@@@@@@@@@+=#@@@@@@@@@@@@@@@@@@@@@@%%%%%%%%%%@@@@@@@@@@%%@@@@@@@@@@@@@@@@@@@@@@%*++*#%%*: 
204,204,204|%@@@@@@@@@@@@@@#==%@@@@@@@@@@@@@@@@@@@@@%%%%%%%%%%%@@@@@@@@@@%%@@@@@@@@@@@@@@@@@@@@@@@%%%%@@@#: 
150,150,150|+#@@@@@@@@@@@@%*-+%@@@@@@@@@@@@@@@@@@@@%%%%%%%%%%%%@@@@@@@@@%%%@@@@@@@@@@@@@@@@@@@@@@@@@@@@@#+. 
83,83,83|-=#@@@@@@@@@@@%*:+%@@@@@@@@@@@@@@@@@@@@%%%%%%%%%%%@@@@@@@@@@%%@@@@@@@@@@@@@@@@@@@@@@@@@@@@%*+:  
25,25,25| :=%@@##@@@@@@#+:=%@@@@@@@@@@@@@@@@@@@@%%%%%%%%%%@@@@@@@@@%%%@@@@@@@@@@@@@@@@@@@@@@@@@@@@#+=:   
6,6,6|  .=##+-%@@@@@#+:-#@@@@@@@@@@@@@@@@@@@@@%%%%%%%%%@@@@@@@%%%@@@@@@@@@@@@@@@@@@@@@@@@@@@@%*=:.    
8,8,8|    -+-.=@@@@@#+-:+@@@@@@@@@@@@@@@@@@@@@@@%%%%%%%%%%%%%%%%@@@@@@@@@@@@@@@@@@@@@@@@@@@@*=:.      
9,9,9|     ::  #@@@@@+=::#@@@@@@@@@@@@@@@@@@@@@@@@@%%%%%%%%%@@@@@@@@@@@@@@@@@@@@@@@@@@@@@@%+-.        
9,9,9|         :@@@@@*+-.-%@@@@@@@@@@@@@@@@@@@@@@@@@@@@@@@@@@@@@@@@@@@@@@@@@@@@@@@@@@@@@@%=.          
9,9,9|          +@@@@%=+::=@@@@@@@@@@@@@@@@@@@@@@@@@@@@@@@@@@@@@@@@@@@@@@@@@@@@@@@@@@@@@%-            
9,9,9|           #@@@@#==..=@@@@@@@@@@@@@@@@@@@@@@@@@@@@@@@@@@@@@@@@@@@@@@@@@@@@@@@@@@@#:             
8,8,8|           .%@@@@+-=:.-%@@@@@@@@@@@@@@@@@@@@@@@@@@@@@@@@@@@@@@@@@@@@@@@@@@@@@@@@+.              
8,8,8|            .%@@@@+-=:.:*@@@@@@@@@@@@@@@@@@@@@@@@@@@@@@@@@@@@@@@@@@@@@@@@@@@@@#-                
6,6,6|             .#@@@@*:=-..-#@@@@@@@@@@@@@@@@@@@@@@@@@@@@@@@@@@@@@@@@@@@@@@@@@#=.                 
6,6,6|               +@@@@#:-=:..-#@@@@@@@@@@@@@@@@@@@@@@@@@@@@@@@@@@@@@@@@@@@@@#=.                   
6,6,6|                -%@@@%=:--:..:+%@@@@@@@@@@@@@@@@@@@@@@@@@@@@@@@@@@@@@@@%*-                      
6,6,6|                 .+@@@@#-.---. .-+#@@@@@@@@@@@@@@@@@@@@@@@@@@@@@@@@@%*=.                        
6,6,6|                   :*@@@@*:.:--:.  :-+*%@@@@@@@@@@@@@@@@@@@@@@@@%*=-.                           
6,6,6|                     .+%@@@*:..:--:..   .:-=++***###****+++==-::.                               
6,6,6|                        -*@@@#=. .::--::..                                                      
6,6,6|                          .=#@@#+:.  ..:::::...                                                 
255,255,255|