5,5,5|                       .:=*%@@@@@@@@@@@@@@@@@@@@@@@@@@@@@@@@@@@@@%=                             
5,5,5|                    .=*%@@@@@@@@@@@@@@@@@@@@@@@@@@@@@@@@@@@@@@@@@@@%=.                          
6,6,6|                 .=#@@@@@@@@@@@@@@@@@@@@@@@@@@@@@@@@@@@@@@@@@@@@@@@@@%-                         
6,6,6|               :*%@@@@@@@@@@@@@@@@@@@@@@@@@@@@@@@@@@@@@@@@@@@@@@@@@@@@@*.                       
6,6,6|             -#@@@@@@@@@@@@@@@@@@@@@@@@@@@@@@@@@@@@@@@@@@@@@@@@@@@@@@@@@%-                      
6,6,6|           -#@@@@@@@@@@@@@@@@@@@%%@@@@@@@@@@@%%%%@@@@@@@@@@@@@@@@@@@@@@@@@+                     
6,6,6|         .+@@@@@@@@@@@@@@@@@@%%@@@@@@@@@@@@@@@@@@@@@@@@@@@@@@@@@@@@@@@@@@@@+                    
8,8,8|        -%@@@@@@@@@@@@@@@%%@@@@@@@@@@@@@@@@@@@@@@@@@@@@@@@@@@@@@@@@@@@@@@@@@+.                  
10,10,10|      .=@@@@@@@@@@@@@@@%@@@@@@@@@@@@@@@@@@@@@@@@@@@@@@@@@@@@@@@@@@@@@@@@@@@@@=                  
9,9,9|    .:*@@@@@@@@@@@@@%%%@@@@@@@@@@@@@@@@@@@@@@@@@@@@@@@@@@@@@@@@@@@@@@@@@@@@@@@-                 
12,12,12|  .-+#@@@@@@@@@@@@@%%@@@@@@@@@@@@@@@@@@@@@@@@@@@@@@@@@@@@@@@@@@@@@@@@@@@@@@@@@#:.:              
52,52,52|:-+*%@@@@@@@@@@@@@%%@@@@@@@@@@@@@@@@@@@@@@@@@@@@@@@@@@@@@@@@@@@@@@@@@@@@@@@@@@@*-=:             
128,128,128|+*%@@@@@@@@@@@@@@%%@@@@@@@@@@@@@@@@@@@@@@@@@@@@@@@@@@@@@@@@@@@@@@@@@@@@@@@@@@@@@*#+.            
199,199,199|#@@@@@@@@@@@@@@@%%@@@@@@@@@@@@@@@@@@@@@@@@@@@@@@@@@@@@@@@@@@@@@@@@@@@@@@@@@@@@@@@@#:    ..      
214,214,214|%@@@@@@@@@@@@@%%%%@@@@@@@@@@@@@@@@@@@@@@@@@@@@@@@@@@@@@@@@@@@@@@@@@@@@@@@@@@@@@@@@%=...:--:.    
164,164,164|*%@@@@@@@@@@@@%%%@@@@@@@@@@@@@@@@@@@@@@@@@@@@@@@@@@@@@@@@@@@@@@@@@@@@@@@@@@@@@@@@@@*=--=+++:    
101,101,101|-*@@@@@@@@@@@%%%%@@@@@@@@@@@@@@@@@@@@@@@@@@@@@@@@@@@@@@@@@@@@@@@@@@@@@@@@@@@@@@@@@@%***#%%*-    
38,38,38|.-*@@#*@@@@@@##%%@@@@@@@@@@@@@@@@@@@@@@@@@@@@@@@@@@@@@@@@@@@@@@@@@@@@@@@@@@@@@@@@@@@@%@@@@*-    
7,7,7| .-##+-%@@@@@##%%@@@@@@@@@@@@@@@@@@@@@@@@@@@@@@@@@@@@@@@@@@@@@@@@@@@@@@@@@@@@@@@@@@@@@@@%#=.    
12,12,12|   -+-.+@@@@@*#%%@@@@@@@@@@@@@@@@@@@@@@@@@@@@@@@@@@@@@@@@@@@@@@@@@@@@@@@@@@@@@@@@@@@@@@#*=:     
10,10,10|    :. :@@@@@**#%@@@@@@@@@@@@@@@@@@@@@@@@@@@@@@@@@@@@@@@@@@@@@@@@@@@@@@@@@@@@@@@@@@@@%*=:.      
10,10,10|        #@@@@*+*%@@@@@@@@@@@@@@@@@@@@@@@@@@@@@@@@@@@@@@@@@@@@@@@@@@@@@@@@@@@@@@@@@@%*=-.        
10,10,10|        :@@@@%=+*%@@@@@@@@@@@@@@@@@@@@@@@@@@@@@@@@@@@@@@@@@@@@@@@@@@@@@@@@@@@@@@@@*=:.          
11,11,11|         *@@@@+++*%@@@@@@@@@@@@@@@@@@@@@@@@@@@@@@@@@@@@@@@@@@@@@@@@@@@@@@@@@@@@@%+:.            
11,11,11|         .%@@@%=+=*%@@@@@@@@@@@@@@@@@@@@@@@@@@@@@@@@@@@@@@@@@@@@@@@@@@@@@@@@@@@#-.              
11,11,11|          :@@@@#-+-+%@@@@@@@@@@@@@@@@@@@@@@@@@@@@@@@@@@@@@@@@@@@@@@@@@@@@@@@@@*:                
10,10,10|           -@@@@*-+-=*%@@@@@@@@@@@@@@@@@@@@@@@@@@@@@@@@@@@@@@@@@@@@@@@@@@@@@#=.                 
9,9,9|            :%@@@#-==:=#@@@@@@@@@@@@@@@@@@@@@@@@@@@@@@@@@@@@@@@@@@@@@@@@@@%+:                   
8,8,8|             .#@@@%--=-:=*@@@@@@@@@@@@@@@@@@@@@@@@@@@@@@@@@@@@@@@@@@@@@@%+:                     
8,8,8|               +@@@@=:-=-:-+#@@@@@@@@@@@@@@@@@@@@@@@@@@@@@@@@@@@@@@@@@#+:                       
6,6,6|                :#@@@#-:-=-::-+#@@@@@@@@@@@@@@@@@@@@@@@@@@@@@@@@@@@%*-.                         
6,6,6|                  -#@@@*:.-=-::::=+#%@@@@@@@@@@@@@@@@@@@@@@@@@@%#+-.                            
6,6,6|                    :*@@@+:.:----:..:-=+**#%%%%@@@@@@@@@%%#*+=-:.                               
6,6,6|                      .+%@%*-..::---::.....::::::::--:::::..                                    
6,6,6|                       .:+*##+-.....:::::.............                                          
6,6,6|                      .:-=++++=-:.     .............                                            
255,255,255|