8,8,8|          .......:=*%@@@@@@@@@@@@@@@@@@@@@@@@@@@@@@@@@@@@@@@@@#-.......                         
9,9,9|         .....:=*%@@@@@@@@@@@@@@@@@@@@@@@@@@@@@@@@@@@@@@@@@@@@@@*-.......                       
10,10,10|       .....-+%@@@@@@@@@@@@@@@@@@@@@@@@@@@@@@@@@@@@@@@@@@@@@@@@@@%+:::.....                     
12,12,12|      ....-*%@@@@@@@@@@@@@@@@@@@@@@@@@@@@@@@@@@@@@@@@@@@@@@@@@@@@@@#-::......                   
14,14,14|    ....:*@@@@@@@@@@@@@@@@@@@@@@@@@@@@@@@@@@@@@@@@@@@@@@@@@@@@@@@@@@%=:::.....                  
18,18,18|    ..:=%@@@@@@@@@@@@@@@@@@@@@@@@@@@@@@@@@@@@@@@@@@@@@@@@@@@@@@@@@@@@%=:::......                
20,20,20|  ..:=*@@@@@@@@@@@@@@@@@@@@@@@@@@@@@@@@@@@@@@@@@@@@@@@@@@@@@@@@@@@@@@@%=:::.....                
36,36,36|.:-+*%@@@@@@@@@@@@@@@@@@@@@@@@@@@@@@@@@@@@@@@@@@@@@@@@@@@@@@@@@@@@@@@@@%=:::.....               
107,107,107|=+#%@@@@@@@@@@@@@@@@@@@@@@@@@@@@@@@@@@@@@@@@@@@@@@@@@@@@@@@@@@@@@@@@@@@@*-:::.....              
197,197,197|#%@@@@@@@@@@@@@@@@@@@@@@@@@@@@@@@@@@@@@@@@@@@@@@@@@@@@@@@@@@@@@@@@@@@@@@@+-:::....              
234,234,234|@@@@@@@@@@@@@@@@@@@@@@@@@@@@@@@@@@@@@@@@@@@@@@@@@@@@@@@@@@@@@@@@@@@@@@@@@#-::::....             
210,210,210|%@@@@@@@@@@@@@@@@@@@@@@@@@@@@@@@@@@@@@@@@@@@@@@@@@@@@@@@@@@@@@@@@@@@@@@@@%+--::....             
169,169,169|*@@@@@@@@@@@@@@@@@@@@@@@@@@@@@@@@@@@@@@@@@@@@@@@@@@@@@@@@@@@@@@@@@@@@@@@@@#+=-::....            
120,120,120|=%@%*%@@@@@@@@@@@@@@@@@@@@@@@@@@@@@@@@@@@@@@@@@@@@@@@@@@@@@@@@@@@@@@@@@@@@%#*-::....            
68,68,68|:*%*=%@@@@@@@@@@@@@@@@@@@@@@@@@@@@@@@@@@@@@@@@@@@@@@@@@@@@@@@@@@@@@@@@@@@@@@#=:......           
41,41,41|.-*=-%@@@@@@@@@@@@@@@@@@@@@@@@@@@@@@@@@@@@@@@@@@@@@@@@@@@@@@@@@@@@@@@@@@@@@@%+-::--:.           
39,39,39|.:---#@@@@@@@@@@@@@@@@@@@@@@@@@@@@@@@@@@@@@@@@@@@@@@@@@@@@@@@@@@@@@@@@@@@@@@%*+++++=:.          
40,40,40|..:::#@@@@@@@@@@@@@@@@@@@@@@@@@@@@@@@@@@@@@@@@@@@@@@@@@@@@@@@@@@@@@@@@@@@@@@@%###%#+:.          
40,40,40|..:::+@@@@@@@@@@@@@@@@@@@@@@@@@@@@@@@@@@@@@@@@@@@@@@@@@@@@@@@@@@@@@@@@@@@@@@@@@@@@#=.           
39,39,39|..:::-%@@@@@@@@@@@@@@@@@@@@@@@@@@@@@@@@@@@@@@@@@@@@@@@@@@@@@@@@@@@@@@@@@@@@@@@@@%#=:.           
36,36,36|...:::*@@@@@@@@@@@@@@@@@@@@@@@@@@@@@@@@@@@@@@@@@@@@@@@@@@@@@@@@@@@@@@@@@@@@@@@%#+-:.            
32,32,32|....::-@@@@@@@@@@@@@@@@@@@@@@@@@@@@@@@@@@@@@@@@@@@@@@@@@@@@@@@@@@@@@@@@@@@@@%#+=:...            
29,29,29|....:::+@@@@@@@@@@@@@@@@@@@@@@@@@@@@@@@@@@@@@@@@@@@@@@@@@@@@@@@@@@@@@@@@@@%*=-:....             
25,25,25| ....:::*@@@@@@@@@@@@@@@@@@@@@@@@@@@@@@@@@@@@@@@@@@@@@@@@@@@@@@@@@@@@@@@%*=-:.....              
22,22,22|  ....:::*@@@@@@@@@@@@@@@@@@@@@@@@@@@@@@@@@@@@@@@@@@@@@@@@@@@@@@@@@@@@%#=-:.......              
19,19,19|   ....:::*@@@@@@@@@@@@@@@@@@@@@@@@@@@@@@@@@@@@@@@@@@@@@@@@@@@@@@@@@@#+-:::......               
17,17,17|   .....:::+@@@@@@@@@@@@@@@@@@@@@@@@@@@@@@@@@@@@@@@@@@@@@@@@@@@@@@@#+-::::......                
15,15,15|     .....::-#@@@%@@@@@@@@@@@@@@@@@@@@@@@@@@@@@@@@@@@@@@@@@@@@@@%#+-::::.......                 
13,13,13|      .....:::=%@@%%%@@@@@@@@@@@@@@@@@@@@@@@@@@@@@@@@@@@@@@@@@%*=-:::::.......                  
13,13,13|        .....:.:=%@%##%@@@@@@@@@@@@@@@@@@@@@@@@@@@@@@@@@@@@#*=--:::::.......                    
11,11,11|          .....::-*%%*++*#%@@@@@@@@@@@@@@@@@@@@@@@@@@@%#*+=--:::::........                      
10,10,10|           .....:=+****=--=+**#%%%@@@@@@@@@@@@%%%##*+==--:::::::........                        
10,10,10|              ..:=+***+=--:::---===+++++++++++===----::::::::..........                         
9,9,9|               .:-+++++=-:::::::::::::------:::::::::::::...........                            
8,8,8|                .:=+**+=:.....:::::::::::::::::::::...............                              
8,8,8|                 .-=*###+-:..................................                                   
255,255,255|