106,106,106|==+%@@@@@@@@@@@@@@@@@@@@@@@@@@@@@@@@@@@@@@@@@@@@@@@@*=-::...                                    
107,107,107|==+%@@@@@@@@@@@@@@@@@@@@@@@@@@@@@@@@@@@@@@@@@@@@@@@@#=-::...                                    
108,108,108|==+%@@@@@@@@@@@@@@@@@@@@@@@@@@@@@@@@@@@@@@@@@@@@@@@@#=-::...                                    
107,107,107|==+%@@@@@@@@@@@@@@@@@@@@@@@@@@@@@@@@@@@@@@@@@@@@@@@@#=-::...                                    
104,104,104|==+#@@@@@@@@@@@@@@@@@@@@@@@@@@@@@@@@@@@@@@@@@@@@@@@@+=-::...                                    
98,98,98|-==*@@@@@@@@@@@@@@@@@@@@@@@@@@@@@@@@@@@@@@@@@@@@@@@#=--:...                                     
92,92,92|-==+*@@@@@@@@@@@@@@@@@@@@@@@@@@@@@@@@@@@@@@@@@@@@@%+=-::...                                     
83,83,83|--==+#@@@@@@@@@@@@@@@@@@@@@@@@@@@@@@@@@@@@@@@@@@@@*=-::...                                      
73,73,73|:--==+#@@@@@@@@@@@@@@@@@@@@@@@@@@@@@@@@@@@@@@@@@%+=-::...                                       
64,64,64|::--===*%@@@@@@@@@@@@@@@@@@@@@@@@@@@@@@@@@@@@@@#+=-::....                                       
57,57,57|:::---==+#@@@@@@@@@@@@@@@@@@@@@@@@@@@@@@@@@@@%*=--::....                                        
52,52,52|:::::---==+#%@@@@@@@@@@@@@@@@@@@@@@@@@@@@@@%*=--:::...                                          
48,48,48|..:::::---==+*#%@@@@@@@@@@@@@@@@@@@@@@@@%#+=--:::....                                           
43,43,43|.....:::::---==+**#%@@@@@@@@@@@@@@@@%#*+=---:::....                                             
40,40,40|........:::::----===++***######**++==----::::.....                                              
38,38,38|..........:::::::--------------------::::.......                                                
37,37,37|...............::::::::::::::::::::::........                                                   
35,35,35|...........................................                                                     
33,33,33|......................................                                                          
31,31,31|.................................                                                               
29,29,29|............................                                                                    
27,27,27|.......................                                                                         
24,24,24|                                                                                                
23,23,23|                                                                                                
21,21,21|                                                                                                
19,19,19|                                                                                                
17,17,17|                                                                                                
16,16,16|                                                                                                
14,14,14|                                                                                                
12,12,12|                                                                                                
11,11,11|                                                                                                
9,9,9|                                                                                                
9,9,9|                                                                                                
7,7,7|                                                                                                
6,6,6|                                                                                                
5,5,5|                                                                                                
255,255,255|