33,33,33|..............::::---==*@@@@@@@@@@@@@@@@@@@@@@@@@@@@@@@@@@@@@@@@@@@@@@@@%+=-::....              
33,33,33|..............::::---==*@@@@@@@@@@@@@@@@@@@@@@@@@@@@@@@@@@@@@@@@@@@@@@@@@*=-::....              
33,33,33|..............::::--===#@@@@@@@@@@@@@@@@@@@@@@@@@@@@@@@@@@@@@@@@@@@@@@@@@*=-::....              
33,33,33|..............:::::--==*@@@@@@@@@@@@@@@@@@@@@@@@@@@@@@@@@@@@@@@@@@@@@@@@%+=-::...               
32,32,32|...............::::--==+%@@@@@@@@@@@@@@@@@@@@@@@@@@@@@@@@@@@@@@@@@@@@@@@%=--::...               
32,32,32|...............::::--==+#@@@@@@@@@@@@@@@@@@@@@@@@@@@@@@@@@@@@@@@@@@@@@@@*=-::....               
32,32,32|...............:::::--==+%@@@@@@@@@@@@@@@@@@@@@@@@@@@@@@@@@@@@@@@@@@@@@#=--::...                
32,32,32|................:::::--==+%@@@@@@@@@@@@@@@@@@@@@@@@@@@@@@@@@@@@@@@@@@@#+=-::....                
31,31,31|.................:::::--==+%@@@@@@@@@@@@@@@@@@@@@@@@@@@@@@@@@@@@@@@@@#+=-::....                 
30,30,30|..................:::::--==+#@@@@@@@@@@@@@@@@@@@@@@@@@@@@@@@@@@@@@@@*=--::....                  
29,29,29|....................::::--===*%@@@@@@@@@@@@@@@@@@@@@@@@@@@@@@@@@@@#+=--::....                   
28,28,28|.....................:::::--===*#@@@@@@@@@@@@@@@@@@@@@@@@@@@@@@@#+=--:::....                    
27,27,27|.......................:::::--===+*%@@@@@@@@@@@@@@@@@@@@@@@@@#*+=--:::.....                     
27,27,27|..........................::::---===+*#%%@@@@@@@@@@@@@@@%##+==---:::.....                       
25,25,25| ...........................:::::----====++**#######**++==----::::.....                         
24,24,24|   ............................:::::::---------==---------:::::.......                          
23,23,23|     ...............................::::::::::::::::::::::.........                             
22,22,22|        .....................................:::::...............                               
20,20,20|          ....................................................                                  
20,20,20|             .............................................                                      
18,18,18|                ......................................                                          
17,17,17|                     ..............................                                             
16,16,16|                                      ......                                                    
14,14,14|                                                                                                
12,12,12|                                                                                                
11,11,11|                                                                                                
10,10,10|                                                                                                
10,10,10|                                                                                                
9,9,9|                                                                                                
8,8,8|                                                                                                
6,6,6|                                                                                                
5,5,5|                                                                                                
5,5,5|                                                                                                
5,5,5|                                                                                                
4,4,4|                                                                                                
3,3,3|                                                                                                
255,255,255|