0,0,0|                                                         .................:::::::::::::::::-----
0,0,0|                                                          .................:::::::::::::::::----
0,0,0|                                                           .................:::::::::::::::::::-
0,0,0|                                                            .................:::::::::::::::::::
0,0,0|                                                            ..................::::::::::::::::::
0,0,0|                                                             ...................::::::::::::::::
0,0,0|                                                              ....................::::::::::::::
0,0,0|                                                               .....................::::::::::::
0,0,0|                                                                 ......................:::::::::
0,0,0|                                                                   ......................:::::::
0,0,0|                     :-===--::..                                    ..........................::
0,0,0|                .-+#@@@@@@@@@@@@%#*+-:                                ..........................
0,0,0|             -*%@@@@@@@@@@@@@@@@@@@@@@%=.                              .........................
0,0,0|          -*@@@@@@@@@@@@@@@@@@@@@@@@@@@*.                                .......................
0,0,0|       .+@@@@@@@@@@@@@@@@@@@@@@@@@@@@@@@*:                                  ....................
0,0,0|     :*@@@@@@@@@@@@@@@@@@@@@@@@@@@@@@@@@%=                                     .................
0,0,0|    +@@@@@@@@@@@@@@@@@@@@@@@@@@@@@@@@@@@@+.                                       ..............
2,2,2|  .%@@@@@@@@@@@@@@@@@@@@@@@@@@@@@@@@@@@%-                                             ..........
0,0,0| .%@@@@@@@@@@@@@@@@@@@@@@@@@@@@@@@@@@@@#=-==.                                             ......
5,5,5| #@@@@@@@@@@@@@@@@@@@@@@@@@@@@@@@@@@@@@@@@@%.                                                   
67,67,67|:@@@@@@@@@@@@@@@@@@@@@@@@@@@@@@@@@@@@@@@@@@%+.                                                  
130,130,130|+@@@@@@@@@@@@@@@@@@@@@@@@@@@@@@@@@@@@@@@@@@@#                                                   
105,105,105|=@@@@@@@@@@@@@@@@@@@@@@@@@@@@@@@@@@@@@@@@@@@#-                                                  
177,177,177|*@@@@@@@@@@@@@@@@@@@@@@@@@@@@@@@@@@@@@@@@@@@@#.                                                 
255,255,255|@@@@@@@@@@@@@@@@@@@@@@@@@@@@@@@@@@@@@@@@@@@@@%-                                                 
254,254,254|@@@@@@@@@@@@@@@@@@@@@@@@@@@@@@@@@@@@@@@@@@@@#=                                                  
255,255,255|@@@@@@@@@@@@@@@@@@@@@@@@@@@@@@@@@@@@@@@@@*:                                                     
255,255,255|@@@@@@@@@@@@@@@@@@@@@@@@@@@@@@@@@@@@@@@@#                                                       
255,255,255|@@@@@@@@@@@@@@@@@@@@@@@@@@@@@@@@@@@@@@@@%-                                                      
255,255,255|@@@@@@@@@@@@@@@@@@@@@@@@@@@@@@@@@@@@@@@@*                                                       
255,255,255|@@@@@@@@@@@@@@@@@@@@@@@@@@@@@@@@@@@@@@@@#+-:...::.                                              
255,255,255|@@@@@@@@@@@@@@@@@@@@@@@@@@@@@@@@@@@@@@@@@@@@@@@@@@*:                                            
255,255,255|@@@@@@@@@@@@@@@@@@@@@@@@@@@@@@@@@@@@@@@@@@@@@@@@@@%+:                                           
255,255,255|@@@@@@@@@@@@@@@@@@@@@@@@@@@@@@@@@@@@@@@@@@@@@@@@@@@@@%+:                                        
255,255,255|@@@@@@@@@@@@@@@@@@@@@@@@@@@@@@@@@@@@@@@@@@@@@@@@@@@@@@@@%*-                                     
255,255,255|@@@@@@@@@@@@@@@@@@@@@@@@@@@@@@@@@@@@@@@@@@@@@@@@@@@@@@@@@@@%+:                                  
255,255,255|