0,0,0|                                                         .................::::::::::::::::------
0,0,0|                                                          ................:::::::::::::::::-----
0,0,0|                                                           ................:::::::::::::::::----
0,0,0|                                                            ................::::::::::::::::::::
0,0,0|                                                            .................:::::::::::::::::::
0,0,0|                                                             .................::::::::::::::::::
0,0,0|                                                             ...................::::::::::::::::
0,0,0|                                                              ....................::::::::::::::
0,0,0|                                                               .....................::::::::::::
0,0,0|                                                                 ......................:::::::::
0,0,0|                                                                  .........................:::::
0,0,0|                .:=+++==--:..                                       ............................
0,0,0|            :=*%@@@@@@@@@@@@@%#*=-.                                   ..........................
0,0,0|        .=#@@@@@@@@@@@@@@@@@@@@@@@@*:                                   ........................
1,1,1|     .=#@@@@@@@@@@@@@@@@@@@@@@@@@@@%=                                     ......................
0,0,0|   -#@@@@@@@@@@@@@@@@@@@@@@@@@@@@@@@@=                                        ..................
7,7,7| -%@@@@@@@@@@@@@@@@@@@@@@@@@@@@@@@@@@*:                                         ................
210,210,210|%@@@@@@@@@@@@@@@@@@@@@@@@@@@@@@@@@@@@%:                                             ............
255,255,255|@@@@@@@@@@@@@@@@@@@@@@@@@@@@@@@@@@@@*:                                                  ........
253,253,253|@@@@@@@@@@@@@@@@@@@@@@@@@@@@@@@@@@@%+--=:                                                       
255,255,255|@@@@@@@@@@@@@@@@@@@@@@@@@@@@@@@@@@@@@@@@=                                                       
255,255,255|@@@@@@@@@@@@@@@@@@@@@@@@@@@@@@@@@@@@@@@@*:                                                      
255,255,255|@@@@@@@@@@@@@@@@@@@@@@@@@@@@@@@@@@@@@@@@@=                                                      
255,255,255|@@@@@@@@@@@@@@@@@@@@@@@@@@@@@@@@@@@@@@@@%=.                                                     
255,255,255|@@@@@@@@@@@@@@@@@@@@@@@@@@@@@@@@@@@@@@@@@@-                                                     
255,255,255|@@@@@@@@@@@@@@@@@@@@@@@@@@@@@@@@@@@@@@@@@@+                                                     
255,255,255|@@@@@@@@@@@@@@@@@@@@@@@@@@@@@@@@@@@@@@@@@#-                                                     
255,255,255|@@@@@@@@@@@@@@@@@@@@@@@@@@@@@@@@@@@@@@*-.                                                       
255,255,255|@@@@@@@@@@@@@@@@@@@@@@@@@@@@@@@@@@@@@=                                                          
255,255,255|@@@@@@@@@@@@@@@@@@@@@@@@@@@@@@@@@@@@@*.                                                         
255,255,255|@@@@@@@@@@@@@@@@@@@@@@@@@@@@@@@@@@@@%:                                                          
255,255,255|@@@@@@@@@@@@@@@@@@@@@@@@@@@@@@@@@@@@%=-.   ...                                                  
255,255,255|@@@@@@@@@@@@@@@@@@@@@@@@@@@@@@@@@@@@@@@@%%@@@%#-                                                
255,255,255|@@@@@@@@@@@@@@@@@@@@@@@@@@@@@@@@@@@@@@@@@@@@@@@*=:.                                             
255,255,255|@@@@@@@@@@@@@@@@@@@@@@@@@@@@@@@@@@@@@@@@@@@@@@@@@@%#+:.                                         
255,255,255|@@@@@@@@@@@@@@@@@@@@@@@@@@@@@@@@@@@@@@@@@@@@@@@@@@@@@@%#=:                                      
255,255,255|