9,9,9|                    ...............:::--=+%@@@@@@@@@@@@@@@@@@@@@@@@@@@@@@@@@@@@@@@@@@@@@@@@#==-:
9,9,9|                    ...............:::--=+%@@@@@@@@@@@@@@@@@@@@@@@@@@@@@@@@@@@@@@@@@@@@@@@@#+=-:
9,9,9|                    ...............:::-==+%@@@@@@@@@@@@@@@@@@@@@@@@@@@@@@@@@@@@@@@@@@@@@@@@#+=-:
9,9,9|                     ..............:::--=+%@@@@@@@@@@@@@@@@@@@@@@@@@@@@@@@@@@@@@@@@@@@@@@@@#==-:
9,9,9|                     ...............::--=+#@@@@@@@@@@@@@@@@@@@@@@@@@@@@@@@@@@@@@@@@@@@@@@@@*=--:
9,9,9|                     ...............:::-==*@@@@@@@@@@@@@@@@@@@@@@@@@@@@@@@@@@@@@@@@@@@@@@@%+=-::
9,9,9|                      ..............:::--==*@@@@@@@@@@@@@@@@@@@@@@@@@@@@@@@@@@@@@@@@@@@@@%*=--::
9,9,9|                       ..............:::--=+#@@@@@@@@@@@@@@@@@@@@@@@@@@@@@@@@@@@@@@@@@@@@*==-:::
9,9,9|                        ..............:::--=+#@@@@@@@@@@@@@@@@@@@@@@@@@@@@@@@@@@@@@@@@@%*==-:::.
8,8,8|                        ...............:::--==*%@@@@@@@@@@@@@@@@@@@@@@@@@@@@@@@@@@@@@@#+==-:::..
8,8,8|                         ...............:::--==+#@@@@@@@@@@@@@@@@@@@@@@@@@@@@@@@@@@@%*==--::....
8,8,8|                         .................:::--==+#%@@@@@@@@@@@@@@@@@@@@@@@@@@@@@@%*+=--:::.....
8,8,8|                           ................::::--==+*#%@@@@@@@@@@@@@@@@@@@@@@@@%#+==--::::......
6,6,6|                            .................::::---==+**#%@@@@@@@@@@@@@@@@%#*+==---:::.........
7,7,7|                             ...................::::----===++***######***++==----::::...........
11,11,11|                                ..................::::::--------======-------:::::..............
31,31,31|.                                ......................::::::::::::-::::::::::...............   
72,72,72|:                                    .........................:::::::::...................      
120,120,120|=.                                     ................................................         
159,159,159|*:                                      ............................................            
182,182,182|#-                                        ......................................                
212,212,212|%=                                              ............................                    
237,237,237|@+.                                                   .............                             
249,249,249|@*:                                                                                             
254,254,254|@#-                                                                                             
255,255,255|@%=                                                                                             
255,255,255|@%=                                                                                             
255,255,255|@@+.                                                                                            
254,254,254|@@*:                                                                                            
253,253,253|@@#-                                                                                            
252,252,252|@@%=                                                                                            
248,248,248|@#=.                                                                                            
254,254,254|@#-                                                                                             
255,255,255|@@+.                                                                                            
255,255,255|@@#-                                                                                            
254,254,254|@@@+.                                                                                           
255,255,255|