11,11,11|                  ...............:::-==*@@@@@@@@@@@@@@@@@@@@@@@@@@@@@@@@@@@@@@@@@@@@@@@@@*=--::.
11,11,11|                  ...............:::-==*@@@@@@@@@@@@@@@@@@@@@@@@@@@@@@@@@@@@@@@@@@@@@@@@@*=--::.
11,11,11|                  ...............::--==*@@@@@@@@@@@@@@@@@@@@@@@@@@@@@@@@@@@@@@@@@@@@@@@@@*=--::.
11,11,11|                  ...............:::-==*@@@@@@@@@@@@@@@@@@@@@@@@@@@@@@@@@@@@@@@@@@@@@@@@@*=--::.
10,10,10|                  ...............:::-==+%@@@@@@@@@@@@@@@@@@@@@@@@@@@@@@@@@@@@@@@@@@@@@@@%+=-:::.
10,10,10|                  ...............:::--==*@@@@@@@@@@@@@@@@@@@@@@@@@@@@@@@@@@@@@@@@@@@@@@@#==-::..
11,11,11|                   ...............:::--=+#@@@@@@@@@@@@@@@@@@@@@@@@@@@@@@@@@@@@@@@@@@@@@%+=--::..
11,11,11|                   ................:::-==+%@@@@@@@@@@@@@@@@@@@@@@@@@@@@@@@@@@@@@@@@@@@%+=--::...
11,11,11|                    ................::--==+%@@@@@@@@@@@@@@@@@@@@@@@@@@@@@@@@@@@@@@@@@%+=--::....
10,10,10|                     ................::--==+#@@@@@@@@@@@@@@@@@@@@@@@@@@@@@@@@@@@@@@@#+=--::.....
10,10,10|                     .................:::--==+#@@@@@@@@@@@@@@@@@@@@@@@@@@@@@@@@@@@%+==--::......
10,10,10|                       ................:::---==*#@@@@@@@@@@@@@@@@@@@@@@@@@@@@@@@#*==--:::.......
10,10,10|                       ..................:::---==+*%@@@@@@@@@@@@@@@@@@@@@@@@@%*+==--:::........ 
10,10,10|                         ..................::::--===+*#%%@@@@@@@@@@@@@@@%%#*+==---:::.........  
10,10,10|                           ..................:::::----===++**#######**++===----::::........     
9,9,9|                            ....................::::::--------=====--------:::::..........      
8,8,8|                              ......................::::::::::::::::::::::::............        
8,8,8|                                  ..........................::::::::.................           
6,6,6|                                     ..............................................             
5,5,5|                                    ...........................................                 
5,5,5|                                      .......................................                   
5,5,5|                                          ...............................                       
4,4,4|                                                 ................                               
4,4,4|                                                                                                
4,4,4|                                                                                                
4,4,4|                                                                                                
6,6,6|                                                                                                
14,14,14|                                                                                                
27,27,27|.                                                                                               
43,43,43|.                                                                                               
70,70,70|:                                                                                               
31,31,31|.                                                                                               
0,0,0|                                                                                                
12,12,12|                                                                                                
43,43,43|.                                                                                               
94,94,94|-                                                                                               
255,255,255|