255,255,255|@@@@@@@@@@@@@@@@@@@@@@@@@@@@@@@@@@@@@@@@@@@@@@@@@@*+=---::.......                               
255,255,255|@@@@@@@@@@@@@@@@@@@@@@@@@@@@@@@@@@@@@@@@@@@@@@@@@@%*==--:::......                               
255,255,255|@@@@@@@@@@@@@@@@@@@@@@@@@@@@@@@@@@@@@@@@@@@@@@@@@@@#+==-:::......                               
255,255,255|@@@@@@@@@@@@@@@@@@@@@@@@@@@@@@@@@@@@@@@@@@@@@@@@@@@%+==--:::......                              
255,255,255|@@@@@@@@@@@@@@@@@@@@@@@@@@@@@@@@@@@@@@@@@@@@@@@@@@@%*==--:::......                              
255,255,255|@@@@@@@@@@@@@@@@@@@@@@@@@@@@@@@@@@@@@@@@@@@@@@@@@@@@*+=--:::........                            
255,255,255|@@@@@@@@@@@@@@@@@@@@@@@@@@@@@@@@@@@@@@@@@@@@@@@@@@@@*+=--:::........                            
255,255,255|@@@@@@@@@@@@@@@@@@@@@@@@@@@@@@@@@@@@@@@@@@@@@@@@@@@%*+=--:::........                            
255,255,255|@@@@@@@@@@@@@@@@@@@@@@@@@@@@@@@@@@@@@@@@@@@@@@@@@@@%*+=--:::........                       -*+**
255,255,255|@@@@@@@@@@@@@@@@@@@@@@@@@@@@@@@@@@@@@@@@@@@@@@@@@@@#+==--:::........                       -%@@@
255,255,255|@@@@@@@@@@@@@@@@@@@@@@@@@@@@@@@@@@@@@@@@@@@@@@@@@@@*+==--:::........                         =@@
255,255,255|@@@@@@@@@@@@@@@@@@@@@@@@@@@@@@@@@@@@@@@@@@@@@@@@@@#+==--:::.........                         +@@
255,255,255|@@@@@@@@@@@@@@@@@@@@@@@@@@@@@@@@@@@@@@@@@@@@@@@@@%*+==--:::.........                         .=*
255,255,255|@@@@@@@@@@@@@@@@@@@@@@@@@@@@@@@@@@@@@@@@@@@@@@@@%*+==--::::........                             
255,255,255|@@@@@@@@@@@@@@@@@@@@@@@@@@@@@@@@@@@@@@@@@@@@@@@%*+==--::::.........                             
255,255,255|@@@@@@@@@@@@@@@@@@@@@@@@@@@@@@@@@@@@@@@@@@@@@@%*+==--::::..........                             
255,255,255|@@@@@@@@@@@@@@@@@@@@@@@@@@@@@@@@@@@@@@@@@@@@@#++==--::::...........                             
255,255,255|@@@@@@@@@@@@@@@@@@@@@@@@@@@@@@@@@@@@@@@@@@@%*+===--::::...........                              
255,255,255|@@@@@@@@@@@@@@@@@@@@@@@@@@@@@@@@@@@@@@@@@%#+===---::::...........                               
254,254,254|@@@@@@@@@@@@@@@@@@@@@@@@@@@@@@@@@@@@@@@%*++==---:::::............                               
255,255,255|@@@@@@@@@@@@@@@@@@@@@@@@@@@@@@@@@@@@%#*+===---:::::.............                                
194,194,194|#%@@@@@@@@@@@@@@@@@@@@@@@@@@@@@@@%#*++===----::::..............                                 
116,116,116|==+*##%@@@@@@@@@@@@@@@@@@@@@%%#*++====----:::::..............                                   
93,93,93|---===+++**###%%%%%%%####**+++====-----::::::...............                                    
69,69,69|::------=====================------::::::.................                                      
54,54,54|:::::::-----------------------::::::::..................                                        
43,43,43|.....:::::::::::::::::::::::::::::...................                                           
33,33,33|............::::::::::::::.........................                                             
27,27,27|................................................                                               -
24,24,24|     .....................................                                                    :@
20,20,20|         ....  .......................                                                       .%@
19,19,19|                                                                                             *@@
17,17,17|                                                                                            -@@@
16,16,16|                                                                                            #@@@
14,14,14|                                                                                           -@@@@
12,12,12|                                                                                           .%@@@
255,255,255|