0,0,0|                                                                             ...................
0,0,0|                                                                              ..................
0,0,0|                                                                               .................
0,0,0|                                                                                ................
0,0,0|                                                                                  ..............
0,0,0|                                                     .-=*##%%%%##*+=:.              ............
0,0,0|                                                  :*%@@@@@@@@@@@@@@@@@#=:            ...........
0,0,0|                                                -#@@@@@@@@@@@@@@@@@@@@@@@#=             ........
0,0,0|                                              :#@@@@@@@@@@@@@@@@@@@@@@@@@@@#               .....
0,0,0|                                             =@@@@@@@@@@@@@@@@@@@@@@@@@@@@@@#.                 .
0,0,0|                                            #@@@@@@@@@@@@@@@@@@@@@@@@@@@@@@@@@:                 
0,0,0|                                           *@@@@@@@@@@@@@@@@@@@@@@@@@@@@@@@@@@@.                
0,0,0|                                          +@@@@@@@@@@@@@@@@@@@@@@@@@@@@@@@@@@@@-                
0,0,0|                                         .@@@@@@@@@@@@@@@@@@@@@@@@@@@@@@@@@@@@@-                
0,0,0|                                         -@@@@@@@@@@@@@@@@@@@@@@@@@@@@@@@@@@@@@:                
0,0,0|                                         -@@@@@@@@@@@@@@@@@@@@@@@@@@@@@@@@@@@@+                 
0,0,0|                                         +@@@@@@@@@@@@@@@@@@@@@@@@@@@@@@@@@@@=                  
0,0,0|                                        .%@@@@@@@@@@@@@@@@@@@@@@@@@@@@@@@@@@:                   
0,0,0|                                      :*@@@@@@@@@@@@@@@@@@@@@@@@@@@@@@@@%%=.                    
0,0,0|                                   .=%@@@@@@@@@@@@@@@@@@@@@@@@@@@@@@@@@@=                       
0,0,0|                                .=#@@@@@@@@@@@@@@@@@@@@@@@@@@@@@@@@@@@@%.                       
0,0,0|                             .=#@@@@@@@@@@@@@@@@@@@@@@@@@@@@@@@@@@@@@@@*                        
0,0,0|                          .-*%@@@@@@@@@%@@@@@@@@@@@@@@@@@@@@@@@@@@@@@@@=                        
1,1,1|                        -*%@@@@@@@@@@@%@@@@@@@@@@@@@@@@@@@@@@@@@@@@@@@%=.                       
1,1,1|                     .+#%%%@@@@@@@@@@@@@@@@@@@@@@@@@@@@@@@@@@@@@@@@@@@@@@@#+-.                  
1,1,1|                   -*%%%%@@@@@@@@@@@@@@@@@@@@@@@@@@@@@@@@@@@@@@@@@@@@@@@@@@@@@*-                
1,1,1|                 -#%#%@@@@@@@@@@@@@@@@@@@@@@@@@@@@@@@@@@@@@@@@@@@@@@@@@@@@@@@@@@#               
1,1,1|               -#%#%@@@@@@@@@@@@@@@@@@@@@@@@@@@@@@@@@@@@@@@@@@@@@@@@@@@@@@@@@@@@@%:             
1,1,1|             -%@%%@@@@@@@@@@@%@@@@@@@@@@@@@@@@@@@@@@@@@@@@@@@@@@@@@@@@@@@@@@@@@@@@@+            
1,1,1|          .=#@@@@@@@@@@@@@@%%@@@@@@@@@@@@@@@@@@@@@@@@@@@@@@@@@@@@@@@@@@@@@@@@@@@@@@@%:          
4,4,4|       -+%@@@@@@@@@@%%@@@@%@@@@@@@@@@@@@@@@@@@@@@@@@@@@@@@@@@@@@@@@@@@@@@@@@@@@@@@@@@@*.        
0,0,0|   :=#@@@@@@@@@@@@#*%@@@@@@@@@@@@@@@@@@@@@@@@@@@@@@@@@@@@@@@@@@@@@@@@@@@@@@@@@@@@@@@@@@@+       
89,89,89|-*%@@@@@@@@@@@%%*=+%@@@@@@@@@@@@@@@@@@@@@@@@@@@@@@@@@@@@@@@@@@@@@@@@@@@@@@@@@@@@@@@@@@@@@%=     
255,255,255|@@@@@@@@@@@@@#+-:=@@@@@@@@@@@@@@@@@@@@@@@@@@@@@@@@@@@@@@@@@@@@@@@@@@@@@@@@@@@@@@@@@@@@@@@@@%-   
240,240,240|@@@@@@@@@@@%*+=*@@@@@@@@@@%@@@@@@@@@@@@@@@@@@@@@@@@@@@@@@@@@@@@@@@@@@@%@@@@@@@@@@@@@@@@@@@@@@%= 
244,244,244|@@@@@@@@@@###**@@@@@@@@@##@@@@@@@@@@@@@@@@@@@@@@@@@@@@@@@@@@@@@@@@@@@@. :=#@@@@@@@@@@@@@@@@@@@@%
255,255,255|