150,150,150|+@@@@@@@@@@@@@@@@@@@@@@@@@@@@@@@@@@@@@@@@@@@@@@@@@*=-::...                                      
159,159,159|*@@@@@@@@@@@@@@@@@@@@@@@@@@@@@@@@@@@@@@@@@@@@@@@@@*=-::...                                      
162,162,162|*@@@@@@@@@@@@@@@@@@@@@@@@@@@@@@@@@@@@@@@@@@@@@@@@@*=-::...                                      
154,154,154|*@@@@@@@@@@@@@@@@@@@@@@@@@@@@@@@@@@@@@@@@@@@@@@@@@*=-::...                                      
136,136,136|+%@@@@@@@@@@@@@@@@@@@@@@@@@@@@@@@@@@@@@@@@@@@@@@@%+=-::...                                      
125,125,125|=*@@@@@@@@@@@@@@@@@@@@@@@@@@@@@@@@@@@@@@@@@@@@@@@#=--:...                                       
118,118,118|=+#@@@@@@@@@@@@@@@@@@@@@@@@@@@@@@@@@@@@@@@@@@@@@%+=-::...                                       
109,109,109|==+%@@@@@@@@@@@@@@@@@@@@@@@@@@@@@@@@@@@@@@@@@@@%+=-::...                                        
98,98,98|-==+#@@@@@@@@@@@@@@@@@@@@@@@@@@@@@@@@@@@@@@@@@%+=-::...                                         
85,85,85|--==+*@@@@@@@@@@@@@@@@@@@@@@@@@@@@@@@@@@@@@@@#=--::....                                         
70,70,70|:--===+#@@@@@@@@@@@@@@@@@@@@@@@@@@@@@@@@@@@%+=--::....                                          
61,61,61|:::--===+#@@@@@@@@@@@@@@@@@@@@@@@@@@@@@@@#+=--:::...                                            
53,53,53|:::::---==+*%@@@@@@@@@@@@@@@@@@@@@@@@@%*+=--:::....                                             
46,46,46|..:::::----==+*#%%@@@@@@@@@@@@@@@%%#*+=---:::.....                                              
42,42,42|.....::::::---====++**#######**++==----:::......                                                
39,39,39|........:::::::--------------------::::.......                                                  
38,38,38|.............::::::::::::::::::::::........                                                     
36,36,36|.........................................                                                       
34,34,34|......................................                                                          
31,31,31|.................................                                                               
30,30,30|.............................                                                                   
28,28,28|........................                                                                        
25,25,25|                                                                                                
23,23,23|                                                                                                
22,22,22|                                                                                                
20,20,20|                                                                                                
18,18,18|                                                                                                
16,16,16|                                                                                                
14,14,14|                                                                                                
13,13,13|                                                                                                
12,12,12|                                                                                                
10,10,10|                                                                                                
9,9,9|                                                                                                
8,8,8|                                                                                                
6,6,6|                                                                                               .
6,6,6|                                                                                               -
255,255,255|