46,46,46|....:::::--===#@@@@@@@@@@@@@@@@@@@@@@@@@@@@@@@@@@@@@@@@@@@@@@@@%+--:...                         
46,46,46|....:::::--==+#@@@@@@@@@@@@@@@@@@@@@@@@@@@@@@@@@@@@@@@@@@@@@@@@%+--::...                        
46,46,46|....:::::--==+#@@@@@@@@@@@@@@@@@@@@@@@@@@@@@@@@@@@@@@@@@@@@@@@@%+--::...                        
46,46,46|....:::::--===#@@@@@@@@@@@@@@@@@@@@@@@@@@@@@@@@@@@@@@@@@@@@@@@@%+--:...                         
46,46,46|....:::::---==*@@@@@@@@@@@@@@@@@@@@@@@@@@@@@@@@@@@@@@@@@@@@@@@@#=-::...                         
45,45,45|....::::::--==+%@@@@@@@@@@@@@@@@@@@@@@@@@@@@@@@@@@@@@@@@@@@@@@%+=-::...                         
46,46,46|.....:::::---==*%@@@@@@@@@@@@@@@@@@@@@@@@@@@@@@@@@@@@@@@@@@@@@*=-::...                          
46,46,46|......:::::--===*@@@@@@@@@@@@@@@@@@@@@@@@@@@@@@@@@@@@@@@@@@@@#=--::...                          
45,45,45|.......:::::--===*%@@@@@@@@@@@@@@@@@@@@@@@@@@@@@@@@@@@@@@@@@*=--::...                           
43,43,43|........:::::---==+%@@@@@@@@@@@@@@@@@@@@@@@@@@@@@@@@@@@@@@%*=--::...                            
41,41,41|..........:::::--===*%@@@@@@@@@@@@@@@@@@@@@@@@@@@@@@@@@@@#+=-:::...                             
39,39,39|...........:::::---==+*%@@@@@@@@@@@@@@@@@@@@@@@@@@@@@@%#+=--::....                              
38,38,38|.............:::::---===+#%@@@@@@@@@@@@@@@@@@@@@@@@%#*==--::.....                               
37,37,37|................:::::---===+*#%@@@@@@@@@@@@@@@@%#*+==--:::.....                                 
35,35,35|...................:::::----===++***######***++==---::::.....                                   
33,33,33|.....................:::::::--------------------:::::.......                                    
31,31,31|...........................:::::::::::::::::::::.........                                       
30,30,30|......................................................                                          
28,28,28|..................................................                                              
26,26,26|..............................................                                                  
24,24,24|      ....................................                                                      
22,22,22|         .........................  .                                                           
21,21,21|                                                                                                
19,19,19|                                                                                                
18,18,18|                                                                                                
17,17,17|                                                                                                
16,16,16|                                                                                                
14,14,14|                                                                                                
12,12,12|                                                                                                
11,11,11|                                                                                                
9,9,9|                                                                                                
8,8,8|                                                                                                
7,7,7|                                                                                                
6,6,6|                                                                                                
5,5,5|                                                                                                
4,4,4|                                                                                                
255,255,255|