84,84,84|--==+#@@@@@@@@@@@@@@@@@@@@@@@@@@@@@@@@@@@@@@@@@@@@@@@@#=--:...                                  
84,84,84|--==+%@@@@@@@@@@@@@@@@@@@@@@@@@@@@@@@@@@@@@@@@@@@@@@@@%+--:...                                  
84,84,84|--==+%@@@@@@@@@@@@@@@@@@@@@@@@@@@@@@@@@@@@@@@@@@@@@@@@%+--::..                                  
83,83,83|--==+#@@@@@@@@@@@@@@@@@@@@@@@@@@@@@@@@@@@@@@@@@@@@@@@@#=--:...                                  
80,80,80|---==*@@@@@@@@@@@@@@@@@@@@@@@@@@@@@@@@@@@@@@@@@@@@@@@@*=-::...                                  
76,76,76|:--==+%@@@@@@@@@@@@@@@@@@@@@@@@@@@@@@@@@@@@@@@@@@@@@@%+=-::..                                   
71,71,71|:---==*@@@@@@@@@@@@@@@@@@@@@@@@@@@@@@@@@@@@@@@@@@@@@@*=-::...                                   
64,64,64|::--===*@@@@@@@@@@@@@@@@@@@@@@@@@@@@@@@@@@@@@@@@@@@@*=--::..                                    
58,58,58|:::--===*@@@@@@@@@@@@@@@@@@@@@@@@@@@@@@@@@@@@@@@@@@*=--::...                                    
54,54,54|::::---==+%@@@@@@@@@@@@@@@@@@@@@@@@@@@@@@@@@@@@@@%+=--::...                                     
50,50,50|.:::::--==+*%@@@@@@@@@@@@@@@@@@@@@@@@@@@@@@@@@@%*=--::....                                      
46,46,46|..:::::---==+*%@@@@@@@@@@@@@@@@@@@@@@@@@@@@@@%*+=--::....                                       
44,44,44|....:::::---===*#%@@@@@@@@@@@@@@@@@@@@@@@@%#*=---::.....                                        
41,41,41|.......:::::---===+*#%@@@@@@@@@@@@@@@@%#*+==--:::.....                                          
39,39,39|..........:::::----===++***######***+===---::::.....                                            
37,37,37|.............::::::--------------------::::........                                             
36,36,36|.................::::::::::::::::::::::........                                                 
33,33,33|.............................................                                                   
32,32,32|.........................................                                                       
31,31,31|....................................                                                            
29,29,29|..............................                                                                  
26,26,26|.........................                                                                       
24,24,24|                                                                                                
23,23,23|                                                                                                
21,21,21|                                                                                                
19,19,19|                                                                                                
17,17,17|                                                                                                
16,16,16|                                                                                                
14,14,14|                                                                                                
12,12,12|                                                                                                
11,11,11|                                                                                                
9,9,9|                                                                                                
9,9,9|                                                                                                
7,7,7|                                                                                                
6,6,6|                                                                                                
5,5,5|                                                                                                
255,255,255|