41,41,41|.........:::::--==+%@@@@@@@@@@@@@@@@@@@@@@@@@@@@@@@@@@@@@@@@@@@@@@@@*=-::...                    
41,41,41|.........:::::--==+@@@@@@@@@@@@@@@@@@@@@@@@@@@@@@@@@@@@@@@@@@@@@@@@@#=-::...                    
41,41,41|.........:::::--==+@@@@@@@@@@@@@@@@@@@@@@@@@@@@@@@@@@@@@@@@@@@@@@@@@#=-::...                    
41,41,41|.........:::::--==+%@@@@@@@@@@@@@@@@@@@@@@@@@@@@@@@@@@@@@@@@@@@@@@@@*=-::...                    
41,41,41|.........:::::--==+#@@@@@@@@@@@@@@@@@@@@@@@@@@@@@@@@@@@@@@@@@@@@@@@@+=-::...                    
40,40,40|..........:::::--==*@@@@@@@@@@@@@@@@@@@@@@@@@@@@@@@@@@@@@@@@@@@@@@@#=--:...                     
39,39,39|..........:::::--==+#@@@@@@@@@@@@@@@@@@@@@@@@@@@@@@@@@@@@@@@@@@@@@%+=-::...                     
38,38,38|...........:::::--==+#@@@@@@@@@@@@@@@@@@@@@@@@@@@@@@@@@@@@@@@@@@@%+=-::...                      
38,38,38|............:::::--==+#@@@@@@@@@@@@@@@@@@@@@@@@@@@@@@@@@@@@@@@@@%+=-::....                      
37,37,37|.............:::::--===*%@@@@@@@@@@@@@@@@@@@@@@@@@@@@@@@@@@@@@@#+=-::....                       
35,35,35|...............:::::--==+#@@@@@@@@@@@@@@@@@@@@@@@@@@@@@@@@@@@%*=--::....                        
34,34,34|................:::::--===+#%@@@@@@@@@@@@@@@@@@@@@@@@@@@@@@%*=--:::....                         
33,33,33|..................:::::---==+*#%@@@@@@@@@@@@@@@@@@@@@@@@%#+=--:::....                           
32,32,32|.....................:::::---==+**#%@@@@@@@@@@@@@@@@%#*+=---:::.....                            
30,30,30|.......................::::::----===++***######**++==----::::.....                              
29,29,29|..........................:::::::--------------------::::........                               
27,27,27|...............................::::::::::::::::::::::........                                   
25,25,25| ..........................................................                                     
24,24,24|    ...................................................                                         
23,23,23|        ............................................                                            
22,22,22|            .....................................                                               
19,19,19|               .............................                                                    
18,18,18|                                  .                                                             
17,17,17|                                                                                                
16,16,16|                                                                                                
14,14,14|                                                                                                
12,12,12|                                                                                                
12,12,12|                                                                                                
11,11,11|                                                                                                
9,9,9|                                                                                                
8,8,8|                                                                                                
6,6,6|                                                                                                
6,6,6|                                                                                                
6,6,6|                                                                                                
5,5,5|                                                                                                
4,4,4|                                                                                                
255,255,255|