54,54,54|::::---==+@@@@@@@@@@@@@@@@@@@@@@@@@@@@@@@@@@@@@@@@@@@@@@@@@*=-::...                             
54,54,54|::::---==*@@@@@@@@@@@@@@@@@@@@@@@@@@@@@@@@@@@@@@@@@@@@@@@@@*=-::...                             
54,54,54|::::---==*@@@@@@@@@@@@@@@@@@@@@@@@@@@@@@@@@@@@@@@@@@@@@@@@@*=-::...                             
55,55,55|::::---==*@@@@@@@@@@@@@@@@@@@@@@@@@@@@@@@@@@@@@@@@@@@@@@@@@*=-::...                             
55,55,55|:::::--==+%@@@@@@@@@@@@@@@@@@@@@@@@@@@@@@@@@@@@@@@@@@@@@@@%+--::..                              
54,54,54|:::::---==*@@@@@@@@@@@@@@@@@@@@@@@@@@@@@@@@@@@@@@@@@@@@@@@*=-::...                              
52,52,52|::::::--==+#@@@@@@@@@@@@@@@@@@@@@@@@@@@@@@@@@@@@@@@@@@@@@%+--::...                              
49,49,49|.::::::--==+%@@@@@@@@@@@@@@@@@@@@@@@@@@@@@@@@@@@@@@@@@@@%+=-::...                               
47,47,47|...:::::--==+#@@@@@@@@@@@@@@@@@@@@@@@@@@@@@@@@@@@@@@@@@%+=-::...                                
46,46,46|...::::::--==+*@@@@@@@@@@@@@@@@@@@@@@@@@@@@@@@@@@@@@@@#=--::....                                
44,44,44|.....:::::--===+#@@@@@@@@@@@@@@@@@@@@@@@@@@@@@@@@@@@#+=--::....                                 
41,41,41|.......:::::--===+#@@@@@@@@@@@@@@@@@@@@@@@@@@@@@@@#+=--::....                                   
39,39,39|.........:::::---==+*%@@@@@@@@@@@@@@@@@@@@@@@@@%*+=--:::....                                    
38,38,38|...........:::::----==+*#%%@@@@@@@@@@@@@@@%%#*+=---:::....                                      
37,37,37|..............::::::----===++**######***++==----:::......                                       
35,35,35|.................:::::::-------------------:::::.......                                         
33,33,33|......................::::::::::::::::::::::........                                            
32,32,32|..................................................                                              
30,30,30|.............................................                                                   
28,28,28|........................................                                                        
25,25,25| ..................................                                                             
24,24,24|    ..........................                                                                  
23,23,23|                                                                                                
21,21,21|                                                                                                
19,19,19|                                                                                                
17,17,17|                                                                                                
16,16,16|                                                                                                
14,14,14|                                                                                                
12,12,12|                                                                                                
11,11,11|                                                                                                
10,10,10|                                                                                                
8,8,8|                                                                                                
7,7,7|                                                                                                
6,6,6|                                                                                                
5,5,5|                                                                                                
4,4,4|                                                                                                
255,255,255|