65,65,65|::---==*@@@@@@@@@@@@@@@@@@@@@@@@@@@@@@@@@@@@@@@@@@@@@@@@%+--::..                                
65,65,65|::--===#@@@@@@@@@@@@@@@@@@@@@@@@@@@@@@@@@@@@@@@@@@@@@@@@@+=-::..                                
65,65,65|::--===#@@@@@@@@@@@@@@@@@@@@@@@@@@@@@@@@@@@@@@@@@@@@@@@@@+=-::...                               
65,65,65|::--===*@@@@@@@@@@@@@@@@@@@@@@@@@@@@@@@@@@@@@@@@@@@@@@@@%+--::..                                
63,63,63|::---==*@@@@@@@@@@@@@@@@@@@@@@@@@@@@@@@@@@@@@@@@@@@@@@@@#=--:...                                
61,61,61|:::--==+#@@@@@@@@@@@@@@@@@@@@@@@@@@@@@@@@@@@@@@@@@@@@@@@*=-::...                                
58,58,58|:::---==+%@@@@@@@@@@@@@@@@@@@@@@@@@@@@@@@@@@@@@@@@@@@@@#=--:...                                 
53,53,53|::::---==*%@@@@@@@@@@@@@@@@@@@@@@@@@@@@@@@@@@@@@@@@@@@#=--::...                                 
51,51,51|:::::---==+%@@@@@@@@@@@@@@@@@@@@@@@@@@@@@@@@@@@@@@@@@#=--::...                                  
49,49,49|.::::::--==+#@@@@@@@@@@@@@@@@@@@@@@@@@@@@@@@@@@@@@@%*=--::....                                  
47,47,47|...:::::--===*%@@@@@@@@@@@@@@@@@@@@@@@@@@@@@@@@@@@#+=-:::....                                   
43,43,43|.....::::---==+*%@@@@@@@@@@@@@@@@@@@@@@@@@@@@@@%#+=--::....                                     
41,41,41|......::::::--===+*%@@@@@@@@@@@@@@@@@@@@@@@@%#*==--:::....                                      
41,41,41|.........:::::---===+*#%@@@@@@@@@@@@@@@@%#*+==---:::....                                        
39,39,39|............:::::----===++***######***++==---::::.....                                          
37,37,37|...............::::::--------------------:::::.......                                           
36,36,36|....................:::::::::::::::::::::.........                                              
33,33,33|...............................................                                                 
32,32,32|...........................................                                                     
30,30,30|......................................                                                          
28,28,28|................................                                                                
26,26,26|...........................                                                                     
24,24,24|                                                                                                
23,23,23|                                                                                                
21,21,21|                                                                                                
19,19,19|                                                                                                
17,17,17|                                                                                                
16,16,16|                                                                                                
14,14,14|                                                                                                
12,12,12|                                                                                                
11,11,11|                                                                                                
9,9,9|                                                                                                
9,9,9|                                                                                                
7,7,7|                                                                                                
6,6,6|                                                                                                
5,5,5|                                                                                                
255,255,255|